1.558097360912896434e+01,1.038069319043449745e+01,-1.629999999999999893e+00
1.532833247702476420e+01,1.023809554138981781e+01,-1.629999999999999893e+00
1.500342597319861859e+01,1.032192617350454356e+01,-1.629999999999999893e+00
1.476269182442197980e+01,1.018221370032448547e+01,-1.629999999999999893e+00
1.446529476513274837e+01,1.025893981631945984e+01,-1.629999999999999893e+00
1.423557425577855717e+01,1.012209111705030828e+01,-1.629999999999999893e+00
1.385213483616733576e+01,1.022100712467508998e+01,-1.629999999999999893e+00
1.363416608403196584e+01,1.008659154154439896e+01,-1.629999999999999893e+00
1.327827975204817967e+01,1.017839212256605741e+01,-1.629999999999999893e+00
1.307119984477803598e+01,1.004640764825590082e+01,-1.629999999999999893e+00
1.296150773198795036e+01,1.007470037493497905e+01,-1.629999999999999893e+00
1.276153697835137812e+01,9.945913777060786387e+00,-1.629999999999999893e+00
1.273989558737772221e+01,9.951495275360267456e+00,-1.629999999999999893e+00
1.191901913085071030e+01,9.330196504382019640e+00,-1.629999999999999893e+00
1.210142247740345667e+01,9.283170031059290395e+00,-1.629999999999999893e+00
1.228001342784954275e+01,9.395127945003444836e+00,-1.629999999999999893e+00
1.260843622001116060e+01,9.310449573789677302e+00,-1.629999999999999893e+00
1.279596327742328832e+01,9.424219495138380864e+00,-1.629999999999999893e+00
1.300388815601053594e+01,9.370605763929045651e+00,-1.629999999999999893e+00
1.319911524654637702e+01,9.486671560449359220e+00,-1.629999999999999893e+00
1.347296917976243869e+01,9.416052858549134541e+00,-1.629999999999999893e+00
1.367708678811104406e+01,9.534278084672244802e+00,-1.629999999999999893e+00
1.401862050309690311e+01,9.446200309749881896e+00,-1.629999999999999893e+00
1.423290720906037166e+01,9.566434914052029725e+00,-1.629999999999999893e+00
1.453577659925207932e+01,9.488322329312069314e+00,-1.629999999999999893e+00
1.476012046529378097e+01,9.610786815695540497e+00,-1.629999999999999893e+00
1.495748535738560037e+01,9.559880776911448663e+00,-1.629999999999999893e+00
1.519083758305598586e+01,9.685049433215393577e+00,-1.629999999999999893e+00
1.536870857449371286e+01,9.639167760070320057e+00,-1.629999999999999893e+00
1.581486190337840902e+01,9.910762046708960327e+00,-1.629999999999999893e+00
1.624029818216655485e+01,1.021056256225093506e+01,-1.629999999999999893e+00
7.154466306605761439e+00,3.517201978029842913e+00,-1.629999999999999893e+00
7.106422064491472845e+00,3.501431003983943580e+00,-1.629999999999999893e+00
7.020534823794402079e+00,3.523506609972614445e+00,-1.629999999999999893e+00
6.973464698495584813e+00,3.507786183282152859e+00,-1.629999999999999893e+00
6.939293155492972431e+00,3.516569192711774594e+00,-1.629999999999999893e+00
6.892906369604895112e+00,3.500969405022248182e+00,-1.629999999999999893e+00
6.833423799343926852e+00,3.516257850084413938e+00,-1.629999999999999893e+00
6.787843484877774891e+00,3.500742269876382373e+00,-1.629999999999999893e+00
6.754033029664594956e+00,3.509432264241608479e+00,-1.629999999999999893e+00
6.709111255025072218e+00,3.494034384110023428e+00,-1.629999999999999893e+00
6.641845676253746333e+00,3.511322843741011113e+00,-1.629999999999999893e+00
6.597747338335185674e+00,3.495995671971748209e+00,-1.629999999999999893e+00
6.555926073242866359e+00,3.506744362919461455e+00,-1.629999999999999893e+00
6.512505702206895286e+00,3.491520947736801883e+00,-1.629999999999999893e+00
6.470901989432362278e+00,3.502213602493966071e+00,-1.629999999999999893e+00
6.428147908868170113e+00,3.487092620461486714e+00,-1.629999999999999893e+00
6.378481768620330783e+00,3.499857271968931816e+00,-1.629999999999999893e+00
6.336425247270589090e+00,3.484826427925221015e+00,-1.629999999999999893e+00
6.287014717546404619e+00,3.497525243300457110e+00,-1.629999999999999893e+00
6.245643702938216357e+00,3.482583487580777959e+00,-1.629999999999999893e+00
6.196486166181681021e+00,3.495217142463933335e+00,-1.629999999999999893e+00
6.155788865347629368e+00,3.480363443387243905e+00,-1.629999999999999893e+00
6.106881744005016266e+00,3.492932603070952879e+00,-1.629999999999999893e+00
6.066846616689384852e+00,3.478165946535785480e+00,-1.629999999999999893e+00
6.018187372398294599e+00,3.490671266175418452e+00,-1.629999999999999893e+00
5.978803124473397013e+00,3.475990655266960605e+00,-1.629999999999999893e+00
5.946527270890765493e+00,3.484285390269894922e+00,-1.629999999999999893e+00
5.907701703895811285e+00,3.469710742317869023e+00,-1.629999999999999893e+00
5.875587907514478125e+00,3.477963741795949915e+00,-1.629999999999999893e+00
5.837311821615839058e+00,3.463493674787793797e+00,-1.629999999999999893e+00
5.781393295446772385e+00,3.477864156281076813e+00,-1.629999999999999893e+00
5.743776984257801921e+00,3.463466590468814221e+00,-1.629999999999999893e+00
5.696084873886455568e+00,3.475722840847438988e+00,-1.629999999999999893e+00
5.659077781568213616e+00,3.461407193016906358e+00,-1.629999999999999893e+00
5.627440259355038776e+00,3.469537539850557462e+00,-1.629999999999999893e+00
5.648392257978700925e+00,3.487979221142329056e+00,-1.629999999999999893e+00
5.624545760446157061e+00,3.494107460009020283e+00,-1.629999999999999893e+00
5.645588267030303697e+00,3.512764640633131652e+00,-1.629999999999999893e+00
5.629610935370900293e+00,3.516870649225514178e+00,-1.629999999999999893e+00
5.650784914587458019e+00,3.535736387585543650e+00,-1.629999999999999893e+00
5.634727128142732688e+00,3.539863115599066301e+00,-1.629999999999999893e+00
5.656034169062391648e+00,3.558940683078120948e+00,-1.629999999999999893e+00
5.639895113462022991e+00,3.563088340677943222e+00,-1.629999999999999893e+00
5.661336833347836439e+00,3.582381076293001509e+00,-1.629999999999999893e+00
5.645115681793910767e+00,3.586549876858240449e+00,-1.629999999999999893e+00
5.666693726758524008e+00,3.606061189005651979e+00,-1.629999999999999893e+00
5.658541690650045197e+00,3.608156267202486056e+00,-1.629999999999999893e+00
5.680299600490871903e+00,3.627878853292874073e+00,-1.629999999999999893e+00
5.663911755493165501e+00,3.632090585443023212e+00,-1.629999999999999893e+00
5.685809804419160507e+00,3.652038668619021600e+00,-1.629999999999999893e+00
5.669337306243341423e+00,3.656272203743444305e+00,-1.629999999999999893e+00
5.691377237789392751e+00,3.676449409821339831e+00,-1.629999999999999893e+00
5.666540169240560587e+00,3.682832763206772775e+00,-1.629999999999999893e+00
5.688680576721297122e+00,3.703253917215623581e+00,-1.629999999999999893e+00
5.672036090302782441e+00,3.707531750490937306e+00,-1.629999999999999893e+00
5.694321510536340725e+00,3.728189628700635971e+00,-1.629999999999999893e+00
5.669223758942535163e+00,3.734640126426347351e+00,-1.629999999999999893e+00
5.691611930387712626e+00,3.755549951505209982e+00,-1.629999999999999893e+00
5.683201886252658319e+00,3.757711483616872794e+00,-1.629999999999999893e+00
5.705782868373026950e+00,3.778854486969301263e+00,-1.629999999999999893e+00
5.680418951237433234e+00,3.785373544331842588e+00,-1.629999999999999893e+00
5.703105512936112120e+00,3.806776718867179721e+00,-1.629999999999999893e+00
5.686106078054383062e+00,3.811145980738967598e+00,-1.629999999999999893e+00
5.646600172636027537e+00,3.794065677981981466e+00,-1.629999999999999893e+00
5.612781139837007771e+00,3.802757876966225137e+00,-1.629999999999999893e+00
5.573869881964344408e+00,3.785811768740996452e+00,-1.629999999999999893e+00
5.557049337806690303e+00,3.790134950135589431e+00,-1.629999999999999893e+00
5.518634309355751277e+00,3.773343868410758084e+00,-1.629999999999999893e+00
5.493535577743028142e+00,3.779794618015992924e+00,-1.629999999999999893e+00
5.455652163521354403e+00,3.763145023196007966e+00,-1.629999999999999893e+00
5.439006815038459841e+00,3.767423078032241524e+00,-1.629999999999999893e+00
5.401602906786551195e+00,3.750924058598084976e+00,-1.629999999999999893e+00
5.376764238597295353e+00,3.757307823105712430e+00,-1.629999999999999893e+00
5.339874677633677180e+00,3.740946161240134682e+00,-1.629999999999999893e+00
5.331637802817684069e+00,3.743063089618377415e+00,-1.629999999999999893e+00
5.295169461995695492e+00,3.726858614604914521e+00,-1.629999999999999893e+00
5.278780214206773458e+00,3.731070707277197140e+00,-1.629999999999999893e+00
5.242768262965754822e+00,3.715010288893872747e+00,-1.629999999999999893e+00
5.234615458754447559e+00,3.717105564493597747e+00,-1.629999999999999893e+00
5.199011095595676757e+00,3.701197782397868785e+00,-1.629999999999999893e+00
5.182788277199956717e+00,3.705367011337813210e+00,-1.629999999999999893e+00
5.147626106867882356e+00,3.689599044706342479e+00,-1.629999999999999893e+00
5.123414766188035152e+00,3.695821239713235506e+00,-1.629999999999999893e+00
5.088728288012067225e+00,3.680180631757040022e+00,-1.629999999999999893e+00
5.072668495561140745e+00,3.684307875298780122e+00,-1.629999999999999893e+00
5.038409775750984920e+00,3.668803218003139133e+00,-1.629999999999999893e+00
5.022430287896818335e+00,3.672909780715218897e+00,-1.629999999999999893e+00
4.988592533603738666e+00,3.657539145388137403e+00,-1.629999999999999893e+00
4.972692551240808889e+00,3.661625233492405762e+00,-1.629999999999999893e+00
4.939269108259161101e+00,3.646386728659412935e+00,-1.629999999999999893e+00
4.915537191235521242e+00,3.652485458993904643e+00,-1.629999999999999893e+00
4.882560539597418092e+00,3.637367186709441036e+00,-1.629999999999999893e+00
4.866817190600357002e+00,3.641412939124745840e+00,-1.629999999999999893e+00
4.834241561614534000e+00,3.626423221120865570e+00,-1.629999999999999893e+00
4.818575391344047887e+00,3.630449099349999820e+00,-1.629999999999999893e+00
4.786394531875070690e+00,3.615586149046002173e+00,-1.629999999999999893e+00
4.770804787315971573e+00,3.619592347392554199e+00,-1.629999999999999893e+00
4.739012569459536195e+00,3.604854411996873509e+00,-1.629999999999999893e+00
4.723498508563611864e+00,3.608841121928828777e+00,-1.629999999999999893e+00
4.692088926564893292e+00,3.594226481635609982e+00,-1.629999999999999893e+00
4.676649818038983497e+00,3.598193891840256953e+00,-1.629999999999999893e+00
4.645616985301027846e+00,3.583700859048843945e+00,-1.629999999999999893e+00
4.622569650275694109e+00,3.589623308760750309e+00,-1.629999999999999893e+00
4.591944583237403066e+00,3.575240755351796640e+00,-1.629999999999999893e+00
4.576653201581468267e+00,3.579170127983943406e+00,-1.629999999999999893e+00
4.546393106174752674e+00,3.564905990874324804e+00,-1.629999999999999893e+00
4.531174545742806536e+00,3.568816613622812106e+00,-1.629999999999999893e+00
4.501273880731842425e+00,3.554669296074790097e+00,-1.629999999999999893e+00
4.493700672352559877e+00,3.556615319913956519e+00,-1.629999999999999893e+00
4.464118253928671010e+00,3.542592459131674865e+00,-1.629999999999999893e+00
4.456580783315202687e+00,3.544529281626204398e+00,-1.629999999999999893e+00
4.427311955071844274e+00,3.530629165600705832e+00,-1.629999999999999893e+00
4.412307805456135767e+00,3.534484584321208711e+00,-1.629999999999999893e+00
4.383383083276421566e+00,3.520696500112396432e+00,-1.629999999999999893e+00
4.353514969397695111e+00,3.528371245544946522e+00,-1.629999999999999893e+00
4.324998734078206120e+00,3.514675815262050307e+00,-1.629999999999999893e+00
4.302701791514813578e+00,3.520405062283713971e+00,-1.629999999999999893e+00
4.274553284603439529e+00,3.506810028996637296e+00,-1.629999999999999893e+00
4.252359539289135348e+00,3.512512707903962639e+00,-1.629999999999999893e+00
4.224573195181448249e+00,3.499016804731359453e+00,-1.629999999999999893e+00
4.209845541283896431e+00,3.502801039010423167e+00,-1.629999999999999893e+00
4.182382095502244823e+00,3.489411724097708056e+00,-1.629999999999999893e+00
4.160391941018001027e+00,3.495061990001897545e+00,-1.629999999999999893e+00
4.133280152761113158e+00,3.481769257771780257e+00,-1.629999999999999893e+00
4.118686983842051674e+00,3.485518870467379404e+00,-1.629999999999999893e+00
4.091888403374874805e+00,3.472330064824186380e+00,-1.629999999999999893e+00
4.077361571822654795e+00,3.476062600195946484e+00,-1.629999999999999893e+00
4.050871641793807321e+00,3.462976386074434032e+00,-1.629999999999999893e+00
4.036410547227802681e+00,3.466691998971710209e+00,-1.629999999999999893e+00
4.010224795203588322e+00,3.453707064691176498e+00,-1.629999999999999893e+00
3.988630853163939616e+00,3.459255333891649187e+00,-1.629999999999999893e+00
3.962777192870954757e+00,3.446362075223378785e+00,-1.629999999999999893e+00
3.948445780625052137e+00,3.450044305234113207e+00,-1.629999999999999893e+00
3.922887312063022769e+00,3.437249845539366522e+00,-1.629999999999999893e+00
3.908619883968791342e+00,3.440915605141366740e+00,-1.629999999999999893e+00
3.883352381857069879e+00,3.428218698860521219e+00,-1.629999999999999893e+00
3.862046345948468407e+00,3.433692856999245091e+00,-1.629999999999999893e+00
3.837097111824921747e+00,3.421084184752876567e+00,-1.629999999999999893e+00
3.822955931001423835e+00,3.424717447353538446e+00,-1.629999999999999893e+00
3.798289166087250646e+00,3.412203972659593632e+00,-1.629999999999999893e+00
3.784210285764846748e+00,3.415821199041606082e+00,-1.629999999999999893e+00
3.759821995420283169e+00,3.403401738280576350e+00,-1.629999999999999893e+00
3.745804869064118137e+00,3.407003069380662552e+00,-1.629999999999999893e+00
3.721691130893239219e+00,3.394676459014592140e+00,-1.629999999999999893e+00
3.707735219128814652e+00,3.398262033919647429e+00,-1.629999999999999893e+00
3.683892181376108077e+00,3.386027130063134827e+00,-1.629999999999999893e+00
3.663049321020353410e+00,3.391382068165600838e+00,-1.629999999999999893e+00
3.639503300828921262e+00,3.379229998947175240e+00,-1.629999999999999893e+00
3.618750643955472857e+00,3.384561720045570432e+00,-1.629999999999999893e+00
3.595497407299947046e+00,3.372491513441253197e+00,-1.629999999999999893e+00
3.574834176511104022e+00,3.377800217986854481e+00,-1.629999999999999893e+00
3.551869565465315848e+00,3.365810917814580971e+00,-1.629999999999999893e+00
3.538153194519716216e+00,3.369334839035677209e+00,-1.629999999999999893e+00
3.515443794031442248e+00,3.357433053757071573e+00,-1.629999999999999893e+00
3.508614924436543880e+00,3.359187469265709325e+00,-1.629999999999999893e+00
3.486128141202555764e+00,3.347379629435824011e+00,-1.629999999999999893e+00
3.465728715962538509e+00,3.352620437647188201e+00,-1.629999999999999893e+00
3.443519263831690047e+00,3.340890536942903832e+00,-1.629999999999999893e+00
3.429977266582583173e+00,3.344369579828652572e+00,-1.629999999999999893e+00
3.408012674319862878e+00,3.332724083128303594e+00,-1.629999999999999893e+00
3.401270252489906110e+00,3.334456250023184687e+00,-1.629999999999999893e+00
3.392946968455140322e+00,3.319451712345124150e+00,-1.629999999999999893e+00
3.406375058796281330e+00,3.316001984383627033e+00,-1.629999999999999893e+00
3.398065276440454863e+00,3.301137701844320205e+00,-1.629999999999999893e+00
3.419803109071839486e+00,3.312552266715133698e+00,-1.629999999999999893e+00
3.654787503466363940e+00,3.252183873647777723e+00,-1.629999999999999893e+00
3.677701264727173847e+00,3.263439535229538002e+00,-1.629999999999999893e+00
3.819281305323700693e+00,3.227066809600308339e+00,-1.629999999999999893e+00
3.842989851795464595e+00,3.238263481158122126e+00,-1.629999999999999893e+00
3.985165742096805630e+00,3.201737405234530431e+00,-1.629999999999999893e+00
4.009681746883326348e+00,3.212873681182006003e+00,-1.629999999999999893e+00
4.172854835904441728e+00,3.170952947889087437e+00,-1.629999999999999893e+00
4.198278428999634215e+00,3.182004945667352924e+00,-1.629999999999999893e+00
4.266556194266064139e+00,3.164463598799613031e+00,-1.629999999999999893e+00
4.292491521091134743e+00,3.175535119894726144e+00,-1.629999999999999893e+00
4.395346042009436793e+00,3.149110402279033494e+00,-1.629999999999999893e+00
4.382626017731944046e+00,3.134643919928351785e+00,-1.629999999999999893e+00
4.464555855339630952e+00,3.113595197922203628e+00,-1.629999999999999893e+00
4.491341473856694577e+00,3.124447877420500230e+00,-1.629999999999999893e+00
4.649043809162770380e+00,3.083932014426900459e+00,-1.629999999999999893e+00
4.676740765385484444e+00,3.094703321041494704e+00,-1.629999999999999893e+00
4.848889298780871826e+00,3.050475692211620959e+00,-1.629999999999999893e+00
4.877571982396800010e+00,3.061148466012308056e+00,-1.629999999999999893e+00
5.043544123374261723e+00,3.018507315474730834e+00,-1.629999999999999893e+00
5.073198505421623317e+00,3.029087187864942354e+00,-1.629999999999999893e+00
5.212105548818822598e+00,2.993399254122051101e+00,-1.629999999999999893e+00
5.242626100638317688e+00,3.003915443052938450e+00,-1.629999999999999893e+00
5.347258688593980125e+00,2.977033073204407465e+00,-1.629999999999999893e+00
5.378506406818995167e+00,2.987523450258111612e+00,-1.629999999999999893e+00
5.525630665282003307e+00,2.949723750511016984e+00,-1.629999999999999893e+00
5.557802418130466826e+00,2.960139773728884371e+00,-1.629999999999999893e+00
5.621132066657223980e+00,2.943868758550928888e+00,-1.629999999999999893e+00
5.653869197445897221e+00,2.954304913983119452e+00,-1.629999999999999893e+00
5.675072322946617120e+00,2.948857241411748653e+00,-1.629999999999999893e+00
5.708195073868802538e+00,2.959362008802381094e+00,-1.629999999999999893e+00
5.701095952690086399e+00,2.961185985451297409e+00,-1.629999999999999893e+00
5.720221411233374020e+00,2.975457104162094080e+00,-1.629999999999999893e+00
5.705959680853482041e+00,2.979121399838649875e+00,-1.629999999999999893e+00
5.725192914418097523e+00,2.993537193074766734e+00,-1.629999999999999893e+00
5.710867114283568746e+00,2.997217981142128895e+00,-1.629999999999999893e+00
5.730209292883836625e+00,3.011780481937355702e+00,-1.629999999999999893e+00
5.715818844739772864e+00,3.015477911525342058e+00,-1.629999999999999893e+00
5.735271156985462859e+00,3.030189190454838144e+00,-1.629999999999999893e+00
5.706359745996033794e+00,3.037617646928892245e+00,-1.629999999999999893e+00
5.725857617670063071e+00,3.052496746952926276e+00,-1.629999999999999893e+00
5.696814456010505623e+00,3.059959119447051457e+00,-1.629999999999999893e+00
5.716357909945203986e+00,3.075008499407283047e+00,-1.629999999999999893e+00
5.701769874287193396e+00,3.078756793147354287e+00,-1.629999999999999893e+00
5.721425922882643178e+00,3.093961711723644203e+00,-1.629999999999999893e+00
5.699443288511498729e+00,3.099610045370440492e+00,-1.629999999999999893e+00
5.719179375236387308e+00,3.114981439723006229e+00,-1.629999999999999893e+00
5.697095213004942593e+00,3.120655910641591202e+00,-1.629999999999999893e+00
5.716911980914075819e+00,3.136196218764847998e+00,-1.629999999999999893e+00
5.694725348648191243e+00,3.141897069975648993e+00,-1.629999999999999893e+00
5.714623448395308891e+00,3.157608776447457632e+00,-1.629999999999999893e+00
5.662613142100224373e+00,3.170972935752691679e+00,-1.629999999999999893e+00
5.682454186850698363e+00,3.186894370550583222e+00,-1.629999999999999893e+00
5.667524465616797791e+00,3.190730629187947809e+00,-1.629999999999999893e+00
5.687481946838065738e+00,3.206819879389194661e+00,-1.629999999999999893e+00
5.715163398995453115e+00,3.221124886931918230e+00,-1.629999999999999893e+00
5.786532772895102816e+00,3.246234693831152818e+00,-1.629999999999999893e+00
5.801747088019792997e+00,3.242325161973964587e+00,-1.629999999999999893e+00
5.838017519283448031e+00,3.255041769888792125e+00,-1.629999999999999893e+00
5.853304614889720980e+00,3.251113498627772547e+00,-1.629999999999999893e+00
5.889997805380605023e+00,3.263933613886668361e+00,-1.629999999999999893e+00
5.905358381132120194e+00,3.259986422711019127e+00,-1.629999999999999893e+00
5.942480820123734908e+00,3.272911455577689033e+00,-1.629999999999999893e+00
5.973350298570306194e+00,3.264978880740510903e+00,-1.629999999999999893e+00
6.010983567962951746e+00,3.277990965545911184e+00,-1.629999999999999893e+00
6.034247981387079740e+00,3.272012616699578658e+00,-1.629999999999999893e+00
6.072362447925899964e+00,3.285122585677678675e+00,-1.629999999999999893e+00
6.103532865045564471e+00,3.277112520275212049e+00,-1.629999999999999893e+00
6.142174386690640198e+00,3.290311829840715685e+00,-1.629999999999999893e+00
6.189158910363397936e+00,3.278237789555529247e+00,-1.629999999999999893e+00
6.228413223293423506e+00,3.291507690948830334e+00,-1.629999999999999893e+00
6.307105600173314564e+00,3.271285191029196682e+00,-1.629999999999999893e+00
6.347138855356446285e+00,3.284586292349063186e+00,-1.629999999999999893e+00
6.402495517541728631e+00,3.270360498682699735e+00,-1.629999999999999893e+00
6.443203194317570492e+00,3.283723176199257132e+00,-1.629999999999999893e+00
6.490887385667752696e+00,3.271468960905793200e+00,-1.629999999999999893e+00
6.532241227662574978e+00,3.284904022075225694e+00,-1.629999999999999893e+00
6.564189424033569864e+00,3.276693666829006091e+00,-1.629999999999999893e+00
6.606120069886665114e+00,3.290222576497782381e+00,-1.629999999999999893e+00
6.646255761982208021e+00,3.279908011318890981e+00,-1.629999999999999893e+00
6.688813328794060098e+00,3.293521538558965123e+00,-1.629999999999999893e+00
6.737219035275223256e+00,3.281081511005143447e+00,-1.629999999999999893e+00
7.223546496976102738e+00,3.499446073948368152e+00,-1.629999999999999893e+00
1.093476872567012670e+01,5.184166649597900189e+00,-1.629999999999999893e+00
1.083208679965875731e+01,5.147016592323618411e+00,-1.629999999999999893e+00
1.075475698026815152e+01,5.166915066871434092e+00,-1.629999999999999893e+00
1.065434090814537349e+01,5.130200902752265257e+00,-1.629999999999999893e+00
1.055205803844418178e+01,5.156519573644101406e+00,-1.629999999999999893e+00
1.045405200195679463e+01,5.120179735318477476e+00,-1.629999999999999893e+00
1.030184216586736490e+01,5.159344201827471110e+00,-1.629999999999999893e+00
1.020658264705691209e+01,5.123268254993367243e+00,-1.629999999999999893e+00
1.004298252228163868e+01,5.165362406254384808e+00,-1.629999999999999893e+00
9.950494155537187524e+00,5.129521170503065441e+00,-1.629999999999999893e+00
9.800654395140234953e+00,5.168073800002984441e+00,-1.629999999999999893e+00
9.710765897997962526e+00,5.132489378231417376e+00,-1.629999999999999893e+00
9.661205783454516194e+00,5.145240494859728564e+00,-1.629999999999999893e+00
9.573084930054397645e+00,5.110106265474688492e+00,-1.629999999999999893e+00
9.487021258244233479e+00,5.132248678074593506e+00,-1.629999999999999893e+00
9.400906427740066462e+00,5.097482320341120143e+00,-1.629999999999999893e+00
9.376504405471388637e+00,5.103760304348311294e+00,-1.629999999999999893e+00
9.291882324482287459e+00,5.069474132353868789e+00,-1.629999999999999893e+00
9.150290761711543652e+00,4.996303535598128676e+00,-1.629999999999999893e+00
9.209928117401435799e+00,4.980961546285927355e+00,-1.629999999999999893e+00
9.152105866585324989e+00,4.942259786332417804e+00,-1.629999999999999893e+00
9.199461187870838330e+00,4.930077690002217849e+00,-1.629999999999999893e+00
9.142142629195879167e+00,4.892036507789798705e+00,-1.629999999999999893e+00
9.189148679731143687e+00,4.879944536762710783e+00,-1.629999999999999893e+00
9.132325306496834827e+00,4.842548764681441575e+00,-1.629999999999999893e+00
9.178987200676477443e+00,4.830545595235856915e+00,-1.629999999999999893e+00
9.122650716341366817e+00,4.793780516252660107e+00,-1.629999999999999893e+00
9.203715199470357433e+00,4.772928187179013015e+00,-1.629999999999999893e+00
9.147607173875115905e+00,4.736844106608390170e+00,-1.629999999999999893e+00
9.366046599251111715e+00,4.680655857965004607e+00,-1.629999999999999893e+00
9.446899882464894205e+00,4.710373454949306371e+00,-1.629999999999999893e+00
9.551117864270020519e+00,4.683565319399559002e+00,-1.629999999999999893e+00
9.633915299745140715e+00,4.713521219035913923e+00,-1.629999999999999893e+00
9.715564190307132364e+00,4.692518096773307335e+00,-1.629999999999999893e+00
9.800182633293266221e+00,4.722760413040248295e+00,-1.629999999999999893e+00
9.870681209143169710e+00,4.704625157537591917e+00,-1.629999999999999893e+00
9.957078523475221488e+00,4.735181591459917350e+00,-1.629999999999999893e+00
9.968915281723996102e+00,4.732136600415416616e+00,-1.629999999999999893e+00
1.096075478885161480e+01,5.177479743749888286e+00,-1.629999999999999893e+00
7.229079603783587160e+00,3.526449848383695684e+00,-1.629999999999999893e+00
7.180371502307362874e+00,3.510543482046789787e+00,-1.629999999999999893e+00
7.137196093262083707e+00,3.521640996653747191e+00,-1.629999999999999893e+00
7.089244747531807889e+00,3.505846091464533298e+00,-1.629999999999999893e+00
7.029123621653211806e+00,3.521299030407727404e+00,-1.629999999999999893e+00
6.982007543689450202e+00,3.505590441348937603e+00,-1.629999999999999893e+00
6.930750229185298039e+00,3.518764955493426161e+00,-1.629999999999999893e+00
6.884408907719652859e+00,3.503153456226330231e+00,-1.629999999999999893e+00
6.833423799343926852e+00,3.516257850084413938e+00,-1.629999999999999893e+00
6.787843484877774891e+00,3.500742269876382373e+00,-1.629999999999999893e+00
6.737127706769268976e+00,3.513777285915419935e+00,-1.629999999999999893e+00
6.692294954620636283e+00,3.498356474783959946e+00,-1.629999999999999893e+00
6.641845676253746333e+00,3.511322843741011113e+00,-1.629999999999999893e+00
6.597747338335185674e+00,3.495995671971748209e+00,-1.629999999999999893e+00
6.555926073242866359e+00,3.506744362919461455e+00,-1.629999999999999893e+00
6.512505702206895286e+00,3.491520947736801883e+00,-1.629999999999999893e+00
6.454260396597382154e+00,3.506490692083498395e+00,-1.629999999999999893e+00
6.411592589706527789e+00,3.491347488640057062e+00,-1.629999999999999893e+00
6.353648492886814658e+00,3.506239650566197685e+00,-1.629999999999999893e+00
6.311720050240321456e+00,3.491175818179633961e+00,-1.629999999999999893e+00
6.262309249187720361e+00,3.503874703287974235e+00,-1.629999999999999893e+00
6.221065001698248054e+00,3.488900297767583147e+00,-1.629999999999999893e+00
6.171907196387416583e+00,3.501534021670110519e+00,-1.629999999999999893e+00
6.131335371131678258e+00,3.486648006150034007e+00,-1.629999999999999893e+00
6.098730505426894766e+00,3.495027476302003944e+00,-1.629999999999999893e+00
6.058736779186791210e+00,3.480250157083502938e+00,-1.629999999999999893e+00
6.010077447185213195e+00,3.492755499264539321e+00,-1.629999999999999893e+00
5.970734182784446453e+00,3.478064333439177425e+00,-1.629999999999999893e+00
5.938458271317130333e+00,3.486359083318190333e+00,-1.629999999999999893e+00
5.899673276289586710e+00,3.471773986664852263e+00,-1.629999999999999893e+00
5.875587907514478125e+00,3.477963741795949915e+00,-1.629999999999999893e+00
5.837311821615839058e+00,3.463493674787793797e+00,-1.629999999999999893e+00
5.813346824071380148e+00,3.469652430700958856e+00,-1.629999999999999893e+00
5.775571443655770132e+00,3.455295829057746015e+00,-1.629999999999999893e+00
5.759674242041547210e+00,3.459381202545862788e+00,-1.629999999999999893e+00
5.722352158612440398e+00,3.445146670856340521e+00,-1.629999999999999893e+00
5.701138791478247647e+00,3.427007564987238464e+00,-1.629999999999999893e+00
5.732619596530343031e+00,3.418917574534822812e+00,-1.629999999999999893e+00
5.711460054805040265e+00,3.400996408252412451e+00,-1.629999999999999893e+00
5.742786123850667224e+00,3.392946263437328636e+00,-1.629999999999999893e+00
5.721680374224362708e+00,3.375239645550129008e+00,-1.629999999999999893e+00
5.752853220955379321e+00,3.367228955794586476e+00,-1.629999999999999893e+00
5.731801223405595280e+00,3.349733563008940873e+00,-1.629999999999999893e+00
5.755067080460685602e+00,3.343754843187018544e+00,-1.629999999999999893e+00
5.734106300577547444e+00,3.326457759358678157e+00,-1.629999999999999893e+00
5.741824047471771664e+00,3.324474518698530279e+00,-1.629999999999999893e+00
5.721028010872181824e+00,3.307353606250518663e+00,-1.629999999999999893e+00
5.736389163502246369e+00,3.303406266834985505e+00,-1.629999999999999893e+00
5.715718884523240284e+00,3.286468420481162056e+00,-1.629999999999999893e+00
5.738650131760991258e+00,3.280575858425984759e+00,-1.629999999999999893e+00
5.718067718165767310e+00,3.263827750789349391e+00,-1.629999999999999893e+00
5.771318406322781591e+00,3.250144238908535765e+00,-1.629999999999999893e+00
5.807443172246657070e+00,3.262898352452439088e+00,-1.629999999999999893e+00
5.838017519283448031e+00,3.255041769888792125e+00,-1.629999999999999893e+00
5.874637177186930792e+00,3.267880818538326348e+00,-1.629999999999999893e+00
5.905358381132120194e+00,3.259986422711019127e+00,-1.629999999999999893e+00
5.942480820123734908e+00,3.272911455577689033e+00,-1.629999999999999893e+00
5.981067635088282763e+00,3.262995745535345105e+00,-1.629999999999999893e+00
6.018738385803997559e+00,3.275998179162332047e+00,-1.629999999999999893e+00
6.057512274514693651e+00,3.266034298766320898e+00,-1.629999999999999893e+00
6.095740281011206463e+00,3.279115031423195159e+00,-1.629999999999999893e+00
6.134703066213519129e+00,3.269102510367264181e+00,-1.629999999999999893e+00
6.173497456991015930e+00,3.282262455640467369e+00,-1.629999999999999893e+00
6.236142943372743552e+00,3.266163875360581059e+00,-1.629999999999999893e+00
6.275628814590357152e+00,3.279374148551641888e+00,-1.629999999999999893e+00
6.314974762159174304e+00,3.269262960491293946e+00,-1.629999999999999893e+00
6.355046991656013056e+00,3.282554025394337494e+00,-1.629999999999999893e+00
6.410403556537745295e+00,3.268328256733460613e+00,-1.629999999999999893e+00
6.451150594640335356e+00,3.281680797964019902e+00,-1.629999999999999893e+00
6.490887385667752696e+00,3.271468960905793200e+00,-1.629999999999999893e+00
6.532241227662574978e+00,3.284904022075225694e+00,-1.629999999999999893e+00
6.580163437140865490e+00,3.272588511070109618e+00,-1.629999999999999893e+00
6.622174389692631280e+00,3.286096739383843612e+00,-1.629999999999999893e+00
6.654282857433719833e+00,3.277845109325453254e+00,-1.629999999999999893e+00
6.696880982709817687e+00,3.291448191338101736e+00,-1.629999999999999893e+00
6.737219035275223256e+00,3.281081511005143447e+00,-1.629999999999999893e+00
7.263807441587451841e+00,3.517523530530793696e+00,-1.629999999999999893e+00
3.048039346810731853e+00,1.632604717076478140e+00,-1.629999999999999893e+00
3.036673220320008415e+00,1.630139993591551040e+00,-1.629999999999999893e+00
3.032907364986033194e+00,1.631106711235502660e+00,-1.629999999999999893e+00
3.021603616262051872e+00,1.628651315878544947e+00,-1.629999999999999893e+00
3.010332614290698761e+00,1.631544642956512581e+00,-1.629999999999999893e+00
2.999108421831468529e+00,1.629093982946340002e+00,-1.629999999999999893e+00
2.991612043664640286e+00,1.631018339267346073e+00,-1.629999999999999893e+00
2.980458008362577349e+00,1.628574652833814973e+00,-1.629999999999999893e+00
2.976718592723667456e+00,1.629534576604250162e+00,-1.629999999999999893e+00
2.965625444537648203e+00,1.627100070435630208e+00,-1.629999999999999893e+00
2.958164078196164226e+00,1.629015430275183585e+00,-1.629999999999999893e+00
2.947140067193518398e+00,1.626587810808666879e+00,-1.629999999999999893e+00
2.943418075801008005e+00,1.627543257343456506e+00,-1.629999999999999893e+00
2.932454023057641024e+00,1.625124711084917406e+00,-1.629999999999999893e+00
2.921313998400610679e+00,1.627984382891900283e+00,-1.629999999999999893e+00
2.910426697980385669e+00,1.625570424121470570e+00,-1.629999999999999893e+00
2.903017231284711563e+00,1.627472448210564027e+00,-1.629999999999999893e+00
2.892197514288199933e+00,1.625065264033896506e+00,-1.629999999999999893e+00
2.888501352361869223e+00,1.626014073649447056e+00,-1.629999999999999893e+00
2.877740174398369710e+00,1.623615820710105906e+00,-1.629999999999999893e+00
2.874052545833460037e+00,1.624562437686408067e+00,-1.629999999999999893e+00
2.863349482411510660e+00,1.622173059276534879e+00,-1.629999999999999893e+00
2.855991210374377420e+00,1.624061928944147359e+00,-1.629999999999999893e+00
2.845354299015235178e+00,1.621679195594710299e+00,-1.629999999999999893e+00
2.834342242537965184e+00,1.624505986086347553e+00,-1.629999999999999893e+00
2.823779408396271506e+00,1.622127698736726131e+00,-1.629999999999999893e+00
2.816454861002395837e+00,1.624007902980514784e+00,-1.629999999999999893e+00
2.805957156909755223e+00,1.621636199337862960e+00,-1.629999999999999893e+00
2.798649359143241089e+00,1.623512099855318080e+00,-1.629999999999999893e+00
2.788216300606438658e+00,1.621146944643248933e+00,-1.629999999999999893e+00
2.780925176036700641e+00,1.623018561091553735e+00,-1.629999999999999893e+00
2.770556283152440180e+00,1.620659919310388108e+00,-1.629999999999999893e+00
2.763281755870847789e+00,1.622527271212358846e+00,-1.629999999999999893e+00
2.752976553272392213e+00,1.620175108136292508e+00,-1.629999999999999893e+00
2.745718547887521677e+00,1.622038214881596829e+00,-1.629999999999999893e+00
2.735476564692071122e+00,1.619692496055891384e+00,-1.629999999999999893e+00
2.728235006325024248e+00,1.621551376902259589e+00,-1.629999999999999893e+00
2.718055776081822028e+00,1.619212068140477578e+00,-1.629999999999999893e+00
2.707217993151953994e+00,1.621994080368604818e+00,-1.629999999999999893e+00
2.697109208973462291e+00,1.619659052375618691e+00,-1.629999999999999893e+00
2.693504764059593715e+00,1.620584295896050131e+00,-1.629999999999999893e+00
2.683449657841568747e+00,1.618257705762363274e+00,-1.629999999999999893e+00
2.676256996310596215e+00,1.620104023156744288e+00,-1.629999999999999893e+00
2.666263269776467215e+00,1.617783742110295186e+00,-1.629999999999999893e+00
2.659086760781013137e+00,1.619625909340953962e+00,-1.629999999999999893e+00
2.649153964703326647e+00,1.617311904241507392e+00,-1.629999999999999893e+00
2.641993535858610631e+00,1.619149939924127146e+00,-1.629999999999999893e+00
2.632121225192950220e+00,1.616842177886412601e+00,-1.629999999999999893e+00
2.624976804599671087e+00,1.618676100511706517e+00,-1.629999999999999893e+00
2.615164538436880015e+00,1.616374548902858255e+00,-1.629999999999999893e+00
2.608036054676887261e+00,1.618204376837679259e+00,-1.629999999999999893e+00
2.598283396195929740e+00,1.615909003274696776e+00,-1.629999999999999893e+00
2.587614465178964096e+00,1.618647631589331226e+00,-1.629999999999999893e+00
2.577928884925843267e+00,1.616356373333611929e+00,-1.629999999999999893e+00
2.570832056886172001e+00,1.618178067934340714e+00,-1.629999999999999893e+00
2.561205187726821375e+00,1.615892932705425888e+00,-1.629999999999999893e+00
2.557664637823506837e+00,1.616801759484120415e+00,-1.629999999999999893e+00
2.548088221649398744e+00,1.614524728222014316e+00,-1.629999999999999893e+00
2.541022780515114210e+00,1.616338358624777038e+00,-1.629999999999999893e+00
2.531504264699388607e+00,1.614067378325573454e+00,-1.629999999999999893e+00
2.524454410376611335e+00,1.615877004052518107e+00,-1.629999999999999893e+00
2.514993377853836254e+00,1.613612043545598951e+00,-1.629999999999999893e+00
2.507959041723002880e+00,1.615417682243202258e+00,-1.629999999999999893e+00
2.498555079246125299e+00,1.613158710593242784e+00,-1.629999999999999893e+00
2.495045637561160490e+00,1.614059544841222937e+00,-1.629999999999999893e+00
2.485690639051215900e+00,1.611808508788304950e+00,-1.629999999999999893e+00
2.478687140698971003e+00,1.613606224503514541e+00,-1.629999999999999893e+00
2.469388430686392688e+00,1.611361107477207399e+00,-1.629999999999999893e+00
2.462400247340624126e+00,1.613154888414408461e+00,-1.629999999999999893e+00
2.453157423558203654e+00,1.610915660228155577e+00,-1.629999999999999893e+00
2.446184488384463229e+00,1.612705523574342159e+00,-1.629999999999999893e+00
2.436997152217205809e+00,1.610472154267254874e+00,-1.629999999999999893e+00
2.430039398817587237e+00,1.612258117097057353e+00,-1.629999999999999893e+00
2.420907155262047805e+00,1.610030576931706259e+00,-1.629999999999999893e+00
2.413964517671395527e+00,1.611812656208369887e+00,-1.629999999999999893e+00
2.404886975295564611e+00,1.609590915668605460e+00,-1.629999999999999893e+00
2.397959387977720791e+00,1.611369128244955373e+00,-1.629999999999999893e+00
2.388936158881430849e+00,1.609153158033746589e+00,-1.629999999999999893e+00
2.382023556725524571e+00,1.610927520653147482e+00,-1.629999999999999893e+00
2.373054256501382575e+00,1.608717291690455298e+00,-1.629999999999999893e+00
2.366156574818155889e+00,1.610487820987753116e+00,-1.629999999999999893e+00
2.357240822512987055e+00,1.608283304408424152e+00,-1.629999999999999893e+00
2.350357997031165436e+00,1.610050016910884008e+00,-1.629999999999999893e+00
2.341495415107960554e+00,1.607851184062571548e+00,-1.629999999999999893e+00
2.334627381970656224e+00,1.609614096190803645e+00,-1.629999999999999893e+00
2.325817596271021692e+00,1.607420918631911944e+00,-1.629999999999999893e+00
2.318964292032182239e+00,1.609180046700787958e+00,-1.629999999999999893e+00
2.310206931739276381e+00,1.606992496198441867e+00,-1.629999999999999893e+00
2.303368293360165797e+00,1.608747856417996669e+00,-1.629999999999999893e+00
2.294662990962118343e+00,1.606565904946036127e+00,-1.629999999999999893e+00
2.284426934350942240e+00,1.609193318656402472e+00,-1.629999999999999893e+00
2.275780601267417325e+00,1.607015069196908730e+00,-1.629999999999999893e+00
2.268971101952490521e+00,1.608762943255233058e+00,-1.629999999999999893e+00
2.260376070570300211e+00,1.606590245342127021e+00,-1.629999999999999893e+00
2.256978561782464254e+00,1.607462322119694420e+00,-1.629999999999999893e+00
2.248427260508730097e+00,1.605297001619476971e+00,-1.629999999999999893e+00
2.241646663206529944e+00,1.607037450476613616e+00,-1.629999999999999893e+00
2.233145982114790762e+00,1.604877618929986038e+00,-1.629999999999999893e+00
2.226379741467917839e+00,1.606614379446518415e+00,-1.629999999999999893e+00
2.217929329038860864e+00,1.604460009831615297e+00,-1.629999999999999893e+00
2.214553357975841852e+00,1.605326553394369027e+00,-1.629999999999999893e+00
2.206145742884237926e+00,1.603179448800426954e+00,-1.629999999999999893e+00
2.199408038974804747e+00,1.604908878041161779e+00,-1.629999999999999893e+00
2.191050028731990285e+00,1.602767174211990220e+00,-1.629999999999999893e+00
2.187688265923811048e+00,1.603630067594106423e+00,-1.629999999999999893e+00
2.179372454873101717e+00,1.601495552684458090e+00,-1.629999999999999893e+00
2.169308340818664860e+00,1.604078793045397910e+00,-1.629999999999999893e+00
2.161048515704831807e+00,1.601947811755133122e+00,-1.629999999999999893e+00
2.154353160941352652e+00,1.603666361320644329e+00,-1.629999999999999893e+00
2.146141922071358898e+00,1.601540702181298625e+00,-1.629999999999999893e+00
2.142801245092656792e+00,1.602398178544371943e+00,-1.629999999999999893e+00
2.134631283941268443e+00,1.600279607585857855e+00,-1.629999999999999893e+00
2.127963872357359509e+00,1.601990978497208618e+00,-1.629999999999999893e+00
2.119841862147575196e+00,1.599877670744094038e+00,-1.629999999999999893e+00
2.109861563854196209e+00,1.602439378678225834e+00,-1.629999999999999893e+00
2.101794093548428055e+00,1.600329531741264022e+00,-1.629999999999999893e+00
2.095154383076481608e+00,1.602033786235729451e+00,-1.629999999999999893e+00
2.087134181809191968e+00,1.599929159223748121e+00,-1.629999999999999893e+00
2.080508238193283788e+00,1.601629877032046734e+00,-1.629999999999999893e+00
2.072534983766580297e+00,1.599530444840060683e+00,-1.629999999999999893e+00
2.065922750036135902e+00,1.601227640610527247e+00,-1.629999999999999893e+00
2.057996123033365876e+00,1.599133378310800602e+00,-1.629999999999999893e+00
2.048098248711862190e+00,1.601673911677124584e+00,-1.629999999999999893e+00
2.040224735800004741e+00,1.599583046770916672e+00,-1.629999999999999893e+00
2.036932242864548215e+00,1.600428144718646140e+00,-1.629999999999999893e+00
2.029097923437986228e+00,1.598344148121050967e+00,-1.629999999999999893e+00
2.019240756265831216e+00,1.600874224008309143e+00,-1.629999999999999893e+00
2.011458869952185147e+00,1.598793590164353962e+00,-1.629999999999999893e+00
2.004900908295223605e+00,1.600476843687887119e+00,-1.629999999999999893e+00
1.997164371331609622e+00,1.598401288871105885e+00,-1.629999999999999893e+00
1.990619839962670223e+00,1.600081092246058212e+00,-1.629999999999999893e+00
1.982928346574283962e+00,1.598010592347131054e+00,-1.629999999999999893e+00
1.979662769770261344e+00,1.598848775713539450e+00,-1.629999999999999893e+00
1.972009351651633713e+00,1.596785019006631057e+00,-1.629999999999999893e+00
1.965491521224768334e+00,1.598457963130375692e+00,-1.629999999999999893e+00
1.957882570063880667e+00,1.596399206649143254e+00,-1.629999999999999893e+00
1.948125720776066716e+00,1.598903511651546872e+00,-1.629999999999999893e+00
1.940567549417032245e+00,1.596848033523004418e+00,-1.629999999999999893e+00
1.934076193582564107e+00,1.598514176588205604e+00,-1.629999999999999893e+00
1.926561868517100207e+00,1.596463658605373759e+00,-1.629999999999999893e+00
1.920083671820940641e+00,1.598126421237343830e+00,-1.629999999999999893e+00
1.912612900049248443e+00,1.596080840115919885e+00,-1.629999999999999893e+00
1.906147809247513925e+00,1.597740236003989844e+00,-1.629999999999999893e+00
1.898720300245687831e+00,1.595699568620208231e+00,-1.629999999999999893e+00
1.892268262416990865e+00,1.597355611370720796e+00,-1.629999999999999893e+00
1.884883728111400147e+00,1.595319834759897804e+00,-1.629999999999999893e+00
1.881664210534215842e+00,1.596146186032861625e+00,-1.629999999999999893e+00
1.874315886640836704e+00,1.594116941652079511e+00,-1.629999999999999893e+00
1.871102845396239500e+00,1.594941629251977355e+00,-1.629999999999999893e+00
1.863790500681848705e+00,1.592918881077224569e+00,-1.629999999999999893e+00
1.857377316567369929e+00,1.594564942888012871e+00,-1.629999999999999893e+00
1.850107148472228014e+00,1.592547004241970265e+00,-1.629999999999999893e+00
1.843706808782032747e+00,1.594189766533395280e+00,-1.629999999999999893e+00
1.836478538473708122e+00,1.592176615153278352e+00,-1.629999999999999893e+00
1.830090991860642502e+00,1.593816091126605716e+00,-1.629999999999999893e+00
1.822904342836006109e+00,1.591807704901057940e+00,-1.629999999999999893e+00
1.819716941676628563e+00,1.592625806000116162e+00,-1.629999999999999893e+00
1.812565289586296702e+00,1.590623794199090169e+00,-1.629999999999999893e+00
1.806203180808858111e+00,1.592256735670363632e+00,-1.629999999999999893e+00
1.799092629123077103e+00,1.590259438762524624e+00,-1.629999999999999893e+00
1.789568423875842695e+00,1.592703981059079954e+00,-1.629999999999999893e+00
1.782505002621004753e+00,1.590709759123198230e+00,-1.629999999999999893e+00
1.776168120954056295e+00,1.592336220264827684e+00,-1.629999999999999893e+00
1.769145237791385661e+00,1.590346676525566716e+00,-1.629999999999999893e+00
1.765983068519663357e+00,1.591158296068652334e+00,-1.629999999999999893e+00
1.758994208130072234e+00,1.589175014663333441e+00,-1.629999999999999893e+00
1.752682363152922695e+00,1.590795044434730299e+00,-1.629999999999999893e+00
1.745733537270646396e+00,1.588816392286310775e+00,-1.629999999999999893e+00
1.739434134391749875e+00,1.590433225973877596e+00,-1.629999999999999893e+00
1.732525082022357443e+00,1.588459182031402683e+00,-1.629999999999999893e+00
1.726238072285768421e+00,1.590072832221129495e+00,-1.629999999999999893e+00
1.719368534582600416e+00,1.588103375574378084e+00,-1.629999999999999893e+00
1.713093869320748475e+00,1.589713854778055824e+00,-1.629999999999999893e+00
1.706263589563290051e+00,1.587748964656302553e+00,-1.629999999999999893e+00
1.700001220394715906e+00,1.589356285312106154e+00,-1.629999999999999893e+00
1.693209943967229236e+00,1.587395941082901940e+00,-1.629999999999999893e+00
1.686959822794348529e+00,1.589000115555966985e+00,-1.629999999999999893e+00
1.680207297164757252e+00,1.587044296723930659e+00,-1.629999999999999893e+00
1.677088337748764202e+00,1.587844816738086973e+00,-1.629999999999999893e+00
1.670368231816508287e+00,1.585895064884482064e+00,-1.629999999999999893e+00
1.661029582520859638e+00,1.588291942426228287e+00,-1.629999999999999893e+00
1.654353809121413610e+00,1.586345113444688204e+00,-1.629999999999999893e+00
1.648140146155732566e+00,1.587939922838480067e+00,-1.629999999999999893e+00
1.641502378252536420e+00,1.585997558578482236e+00,-1.629999999999999893e+00
1.632199968200107376e+00,1.588385127329631441e+00,-1.629999999999999893e+00
1.625605971502025238e+00,1.586445664020393220e+00,-1.629999999999999893e+00
1.619416374369974987e+00,1.588034291632273387e+00,-1.629999999999999893e+00
1.612859873106171182e+00,1.586099259231517733e+00,-1.629999999999999893e+00
1.606682241239486109e+00,1.587684813344990564e+00,-1.629999999999999893e+00
1.600162995084799089e+00,1.585754192120486517e+00,-1.629999999999999893e+00
1.593997282312050734e+00,1.587336684605108017e+00,-1.629999999999999893e+00
1.587515052882993327e+00,1.585410454953859238e+00,-1.629999999999999893e+00
1.584438134142859500e+00,1.586200176012301011e+00,-1.629999999999999893e+00
1.577986767009464497e+00,1.584279838583501965e+00,-1.629999999999999893e+00
1.574915764135061957e+00,1.585068040057695304e+00,-1.629999999999999893e+00
1.568495070157434723e+00,1.583153563827915944e+00,-1.629999999999999893e+00
1.562364848643521764e+00,1.584726939816976765e+00,-1.629999999999999893e+00
1.555980512849038266e+00,1.582816785509419955e+00,-1.629999999999999893e+00
1.549862028358327093e+00,1.584387146675047875e+00,-1.629999999999999893e+00
1.543513819681733734e+00,1.582481295259255960e+00,-1.629999999999999893e+00
1.537407027356336719e+00,1.584048653133060425e+00,-1.629999999999999893e+00
1.531094716582313664e+00,1.582147085701858913e+00,-1.629999999999999893e+00
1.524999571821017197e+00,1.583711451749411747e+00,-1.629999999999999893e+00
1.518722931566065526e+00,1.581814149517870138e+00,-1.629999999999999893e+00
1.512639390022376018e+00,1.583375535139210033e+00,-1.629999999999999893e+00
1.506398194716916272e+00,1.581482479443597766e+00,-1.629999999999999893e+00
1.500326212297123041e+00,1.583040895973730988e+00,-1.629999999999999893e+00
1.494120238167803594e+00,1.581152068270491151e+00,-1.629999999999999893e+00
1.488059771029061951e+00,1.582707526979881374e+00,-1.629999999999999893e+00
1.481888796081267889e+00,1.580822908844618402e+00,-1.629999999999999893e+00
1.478864299371563273e+00,1.581599164631366516e+00,-1.629999999999999893e+00
1.472722385149135782e+00,1.579720206533752558e+00,-1.629999999999999893e+00
1.463666037519078200e+00,1.582044570689730145e+00,-1.629999999999999893e+00
1.457564401979208446e+00,1.580168316888845848e+00,-1.629999999999999893e+00
1.448525126145351116e+00,1.582488296013090379e+00,-1.629999999999999893e+00
1.442463509523937981e+00,1.580614739490355802e+00,-1.629999999999999893e+00
1.439456088773418241e+00,1.581386609176843150e+00,-1.629999999999999893e+00
1.433422925579465046e+00,1.579518647417720523e+00,-1.629999999999999893e+00
1.427419385851650846e+00,1.581059483855439929e+00,-1.629999999999999893e+00
1.421420137949098050e+00,1.579195641294865338e+00,-1.629999999999999893e+00
1.415427855608324847e+00,1.580733586206353403e+00,-1.629999999999999893e+00
1.409462311318842476e+00,1.578873845114133756e+00,-1.629999999999999893e+00
1.406471778765867153e+00,1.579641376967865662e+00,-1.629999999999999893e+00
1.400534137437937643e+00,1.577787155704476252e+00,-1.629999999999999893e+00
1.394564247649155542e+00,1.579319348983095894e+00,-1.629999999999999893e+00
1.388659912396144946e+00,1.577469188704419212e+00,-1.629999999999999893e+00
1.382701154269441179e+00,1.578998522775147961e+00,-1.629999999999999893e+00
1.376829918234421690e+00,1.577152406115151839e+00,-1.629999999999999893e+00
1.367908413437028292e+00,1.579442135142534731e+00,-1.629999999999999893e+00
1.362075599814892124e+00,1.577598624854551268e+00,-1.629999999999999893e+00
1.356138977021576375e+00,1.579122273408373411e+00,-1.629999999999999893e+00
1.350338833231992997e+00,1.577282777604268826e+00,-1.629999999999999893e+00
1.344413218499296292e+00,1.578803598722271717e+00,-1.629999999999999893e+00
1.338645542599275151e+00,1.576968100332038381e+00,-1.629999999999999893e+00
1.332730895179092823e+00,1.578486104488535657e+00,-1.629999999999999893e+00
1.326995486794462886e+00,1.576654586549037784e+00,-1.629999999999999893e+00
1.321091766164528059e+00,1.578169784160245781e+00,-1.629999999999999893e+00
1.315388426475045280e+00,1.576342229814339246e+00,-1.629999999999999893e+00
1.312442010370428846e+00,1.577098430279090024e+00,-1.629999999999999893e+00
1.306765115040306791e+00,1.575276216704663446e+00,-1.629999999999999893e+00
1.303824124061882861e+00,1.576031023734466130e+00,-1.629999999999999893e+00
1.298173517224743501e+00,1.574214124030200779e+00,-1.629999999999999893e+00
1.295237931431070022e+00,1.574967542750917104e+00,-1.629999999999999893e+00
1.289613458401538182e+00,1.573155930203596675e+00,-1.629999999999999893e+00
1.280822851357545922e+00,1.575412038199961451e+00,-1.629999999999999893e+00
1.275235093702579148e+00,1.573602929018248497e+00,-1.629999999999999893e+00
1.269385414579957239e+00,1.575104246191746160e+00,-1.629999999999999893e+00
1.263828793547679519e+00,1.573299007793985904e+00,-1.629999999999999893e+00
1.260909299072698220e+00,1.574048293519189290e+00,-1.629999999999999893e+00
1.255378296225650336e+00,1.572248278298604030e+00,-1.629999999999999893e+00
1.246635786728552464e+00,1.574492032653113105e+00,-1.629999999999999893e+00
1.241140870352992476e+00,1.572694487371090855e+00,-1.629999999999999893e+00
1.235323139319702390e+00,1.574187598842295532e+00,-1.629999999999999893e+00
1.229858793876179135e+00,1.572393876090616205e+00,-1.629999999999999893e+00
1.224051634798134502e+00,1.573884272224649328e+00,-1.629999999999999893e+00
1.218617674598549305e+00,1.572094356115992575e+00,-1.629999999999999893e+00
1.212821049122840611e+00,1.573582046771023757e+00,-1.629999999999999893e+00
1.207417289894490153e+00,1.571795921515356076e+00,-1.629999999999999893e+00
1.201631159876536792e+00,1.573280916495963799e+00,-1.629999999999999893e+00
1.196257418748933432e+00,1.571498566399752050e+00,-1.629999999999999893e+00
1.187593907223086109e+00,1.573722030699296059e+00,-1.629999999999999893e+00
1.182255216310578616e+00,1.571942101102419498e+00,-1.629999999999999893e+00
1.179372589032418261e+00,1.572681917755835102e+00,-1.629999999999999893e+00
1.174058341038701547e+00,1.570907071280075007e+00,-1.629999999999999893e+00
1.168303470587282566e+00,1.572384037534798829e+00,-1.629999999999999893e+00
1.163018700366553304e+00,1.570612919709194699e+00,-1.629999999999999893e+00
1.157274174847913839e+00,1.572087228979629048e+00,-1.629999999999999893e+00
1.152018705009664412e+00,1.570319824488978666e+00,-1.629999999999999893e+00
1.146284487298536048e+00,1.571791486317505759e+00,-1.629999999999999893e+00
1.141058141790734393e+00,1.570027779939312085e+00,-1.629999999999999893e+00
1.135334194961339138e+00,1.571496803817000298e+00,-1.629999999999999893e+00
1.130136799058099273e+00,1.569736780420728950e+00,-1.629999999999999893e+00
1.124423086382725590e+00,1.571203175787699413e+00,-1.629999999999999893e+00
1.119254466672108927e+00,1.569446820334051695e+00,-1.629999999999999893e+00
1.113550951619693530e+00,1.570910596579844221e+00,-1.629999999999999893e+00
1.108410935991646751e+00,1.569157894120031704e+00,-1.629999999999999893e+00
1.102717582226377280e+00,1.570619060583961168e+00,-1.629999999999999893e+00
1.097605999860796988e+00,1.568869996258992261e+00,-1.629999999999999893e+00
1.094764386447636628e+00,1.569599279014574522e+00,-1.629999999999999893e+00
1.089676019626747649e+00,1.567855134599036138e+00,-1.629999999999999893e+00
1.086839452595654176e+00,1.568583121270480163e+00,-1.629999999999999893e+00
1.075749423171784125e+00,1.556340292657914626e+00,-1.629999999999999893e+00
1.076361461507681971e+00,1.553197263320446719e+00,-1.629999999999999893e+00
1.074169638632982648e+00,1.550784306219241904e+00,-1.629999999999999893e+00
1.076607467676179652e+00,1.538360539889058742e+00,-1.629999999999999893e+00
1.074434291259726670e+00,1.535994401787015962e+00,-1.629999999999999893e+00
1.075041170922678813e+00,1.532924951094144950e+00,-1.629999999999999893e+00
1.072878249117643623e+00,1.530576447220373559e+00,-1.629999999999999893e+00
1.074091094078037489e+00,1.524488108535716924e+00,-1.629999999999999893e+00
1.071941007541822977e+00,1.522166317203267560e+00,-1.629999999999999893e+00
1.073150819351460949e+00,1.516138310438289727e+00,-1.629999999999999893e+00
1.071013419063395311e+00,1.513842807120903800e+00,-1.629999999999999893e+00
1.071617841494849621e+00,1.510853397575038670e+00,-1.629999999999999893e+00
1.069490376084794248e+00,1.508574787756356228e+00,-1.629999999999999893e+00
1.070095335313647533e+00,1.505604585619461089e+00,-1.629999999999999893e+00
1.067977719181988139e+00,1.503342692557561699e+00,-1.629999999999999893e+00
1.069186610948952731e+00,1.497450348490029892e+00,-1.629999999999999893e+00
1.067081311701195023e+00,1.495213794851740330e+00,-1.629999999999999893e+00
1.067685228597142100e+00,1.492291365865921149e+00,-1.629999999999999893e+00
1.065589584734723871e+00,1.490071093670791935e+00,-1.629999999999999893e+00
1.066193980940731034e+00,1.487167207627086318e+00,-1.629999999999999893e+00
1.064107910324660677e+00,1.484963048492499160e+00,-1.629999999999999893e+00
1.064712765707418241e+00,1.482077522350038423e+00,-1.629999999999999893e+00
1.060566569784822555e+00,1.477708433323662085e+00,-1.629999999999999893e+00
1.062383724401587903e+00,1.469160348125218452e+00,-1.629999999999999893e+00
1.078352859015720311e+00,1.465062159988819612e+00,-1.629999999999999893e+00
1.083107773298513044e+00,1.466526804522038985e+00,-1.629999999999999893e+00
1.088439693270818021e+00,1.465158462586505062e+00,-1.629999999999999893e+00
1.093219434828577308e+00,1.466625717699686637e+00,-1.629999999999999893e+00
1.095889851147648031e+00,1.465940402294720668e+00,-1.629999999999999893e+00
1.100690086065243323e+00,1.467411426156923104e+00,-1.629999999999999893e+00
1.106039861215352804e+00,1.466038498802397338e+00,-1.629999999999999893e+00
1.110865188831828831e+00,1.467512155722338951e+00,-1.629999999999999893e+00
1.118903305535065451e+00,1.465449309538258804e+00,-1.629999999999999893e+00
1.123758371196373007e+00,1.466924452307164506e+00,-1.629999999999999893e+00
1.129126115109938766e+00,1.465546910340732145e+00,-1.629999999999999893e+00
1.134006572887150455e+00,1.467024701132879416e+00,-1.629999999999999893e+00
1.136694961310865670e+00,1.466334770258464593e+00,-1.629999999999999893e+00
1.141596420822913904e+00,1.467816382983151424e+00,-1.629999999999999893e+00
1.144289341745435173e+00,1.467125288097718583e+00,-1.629999999999999893e+00
1.149211917114975723e+00,1.468610740162143768e+00,-1.629999999999999893e+00
1.154606852959180641e+00,1.467226214915388072e+00,-1.629999999999999893e+00
1.159555223918276479e+00,1.468714351523440653e+00,-1.629999999999999893e+00
1.162257254221152003e+00,1.468020917209201359e+00,-1.629999999999999893e+00
1.167226987156005258e+00,1.469512924330032444e+00,-1.629999999999999893e+00
1.172640203442042672e+00,1.468123704373787808e+00,-1.629999999999999893e+00
1.177636010795364507e+00,1.469618419445622548e+00,-1.629999999999999893e+00
1.183058412204940346e+00,1.468226840594146543e+00,-1.629999999999999893e+00
1.188080442665937264e+00,1.469724273422483574e+00,-1.629999999999999893e+00
1.193512060422577958e+00,1.468330327651341749e+00,-1.629999999999999893e+00
1.198560463747073923e+00,1.469830488094833187e+00,-1.629999999999999893e+00
1.204001329233786999e+00,1.468434167338579011e+00,-1.629999999999999893e+00
1.209076256253597714e+00,1.469937065309415036e+00,-1.629999999999999893e+00
1.211801329458608745e+00,1.469237713173677573e+00,-1.629999999999999893e+00
1.216898273293782085e+00,1.470744555106960449e+00,-1.629999999999999893e+00
1.222357732343643200e+00,1.469343459169045962e+00,-1.629999999999999893e+00
1.227481488858389369e+00,1.470853062714218673e+00,-1.629999999999999893e+00
1.230215890642933907e+00,1.470151314815487220e+00,-1.629999999999999893e+00
1.235361923096659931e+00,1.471664894756322228e+00,-1.629999999999999893e+00
1.240840103228343150e+00,1.470258990864038662e+00,-1.629999999999999893e+00
1.246013241435668828e+00,1.471775356804802648e+00,-1.629999999999999893e+00
1.251500828666004761e+00,1.470367036969156604e+00,-1.629999999999999893e+00
1.256701228816527349e+00,1.471886199138366269e+00,-1.629999999999999893e+00
1.262198255508703459e+00,1.470475455041819757e+00,-1.629999999999999893e+00
1.267426074925214863e+00,1.471997423724197507e+00,-1.629999999999999893e+00
1.272932573609714124e+00,1.470584247006184286e+00,-1.629999999999999893e+00
1.278187970758277281e+00,1.472109032543069018e+00,-1.629999999999999893e+00
1.280945973291046647e+00,1.471401223454553930e+00,-1.629999999999999893e+00
1.286224335622931036e+00,1.472930061850335370e+00,-1.629999999999999893e+00
1.291749879949763091e+00,1.471511993763768178e+00,-1.629999999999999893e+00
1.297056123885059087e+00,1.473043674116994328e+00,-1.629999999999999893e+00
1.302591238822802477e+00,1.471623148063096798e+00,-1.629999999999999893e+00
1.307925526232866398e+00,1.473157680909600753e+00,-1.629999999999999893e+00
1.313470244992901215e+00,1.471734688352685394e+00,-1.629999999999999893e+00
1.318832738933148008e+00,1.473272084286754602e+00,-1.629999999999999893e+00
1.321609917773272080e+00,1.472559350246815502e+00,-1.629999999999999893e+00
1.326995943675203460e+00,1.474100862657524269e+00,-1.629999999999999893e+00
1.335341986353200339e+00,1.471958934972918298e+00,-1.629999999999999893e+00
1.340761387309490127e+00,1.473502089100965806e+00,-1.629999999999999893e+00
1.346335118542444809e+00,1.472071645373915105e+00,-1.629999999999999893e+00
1.351783222406253815e+00,1.473617694727458405e+00,-1.629999999999999893e+00
1.357366692050858470e+00,1.472184749906121803e+00,-1.629999999999999893e+00
1.362843666721150093e+00,1.473733705317626708e+00,-1.629999999999999893e+00
1.365640288662708590e+00,1.473015977756106043e+00,-1.629999999999999893e+00
1.371141396407792090e+00,1.474569110344562617e+00,-1.629999999999999893e+00
1.373942923480844236e+00,1.473850123003070500e+00,-1.629999999999999893e+00
1.379468300207547182e+00,1.475407452584650114e+00,-1.629999999999999893e+00
1.382274749649020196e+00,1.474687201032991224e+00,-1.629999999999999893e+00
1.387824532251930698e+00,1.476248747555653829e+00,-1.629999999999999893e+00
1.390635921389766327e+00,1.475527227340227565e+00,-1.629999999999999893e+00
1.396210247760106382e+00,1.477093010884847679e+00,-1.629999999999999893e+00
1.401842938505656555e+00,1.475647424624313420e+00,-1.629999999999999893e+00
1.407446923930178562e+00,1.477216187311725326e+00,-1.629999999999999893e+00
1.413089560388677945e+00,1.475768046676684930e+00,-1.629999999999999893e+00
1.418723379994810019e+00,1.477339799805746035e+00,-1.629999999999999893e+00
1.427202303367136604e+00,1.475163744409729416e+00,-1.629999999999999893e+00
1.432871145273880265e+00,1.476737212177216874e+00,-1.629999999999999893e+00
1.438533775337576426e+00,1.475283936529471873e+00,-1.629999999999999893e+00
1.444232823399408616e+00,1.476860412956001234e+00,-1.629999999999999893e+00
1.447069165233182853e+00,1.476132484080000307e+00,-1.629999999999999893e+00
1.452793551255329163e+00,1.477713276970653355e+00,-1.629999999999999893e+00
1.458476324289152970e+00,1.476254827922566681e+00,-1.629999999999999893e+00
1.464231258169363503e+00,1.477838657096236519e+00,-1.629999999999999893e+00
1.469924154723105225e+00,1.476377607973013095e+00,-1.629999999999999893e+00
1.475709818232765480e+00,1.477964485053981480e+00,-1.629999999999999893e+00
1.481412874439665739e+00,1.476500826568405200e+00,-1.629999999999999893e+00
1.487229450715768397e+00,1.478090763247525974e+00,-1.629999999999999893e+00
1.490086077715734758e+00,1.477357624422402704e+00,-1.629999999999999893e+00
1.495928631386829855e+00,1.478951947433966740e+00,-1.629999999999999893e+00
1.498790376460596763e+00,1.478217494097743057e+00,-1.629999999999999893e+00
1.504659056681326046e+00,1.479816224713496720e+00,-1.629999999999999893e+00
1.510392817895580109e+00,1.478344680042891435e+00,-1.629999999999999893e+00
1.516292931670830679e+00,1.479946515229413784e+00,-1.629999999999999893e+00
1.519164966276348450e+00,1.479209419148948212e+00,-1.629999999999999893e+00
1.525091526818057153e+00,1.480815700143035762e+00,-1.629999999999999893e+00
1.530845941155473122e+00,1.479338850948286543e+00,-1.629999999999999893e+00
1.536804295062520032e+00,1.480948265409168574e+00,-1.629999999999999893e+00
1.545451484716959589e+00,1.478728993094615474e+00,-1.629999999999999893e+00
1.551447036045684236e+00,1.480340214353713435e+00,-1.629999999999999893e+00
1.554334641659265825e+00,1.479599119016815623e+00,-1.629999999999999893e+00
1.560357157639918890e+00,1.481214837019789732e+00,-1.629999999999999893e+00
1.563249993036395002e+00,1.480472398458926753e+00,-1.629999999999999893e+00
1.569299630028010206e+00,1.482092635258418500e+00,-1.629999999999999893e+00
1.575095796476560617e+00,1.480605062411655570e+00,-1.629999999999999893e+00
1.581177981718119741e+00,1.482228486726442807e+00,-1.629999999999999893e+00
1.584081331844721552e+00,1.481483347537678963e+00,-1.629999999999999893e+00
1.590190973534679308e+00,1.483111330277119722e+00,-1.629999999999999893e+00
1.598916879338404984e+00,1.480871840349234914e+00,-1.629999999999999893e+00
1.605064753864384741e+00,1.482501677245386507e+00,-1.629999999999999893e+00
1.610892631350071547e+00,1.481005959626733093e+00,-1.629999999999999893e+00
1.617073649942526892e+00,1.482639021735946194e+00,-1.629999999999999893e+00
1.622912175022422021e+00,1.481140569337389357e+00,-1.629999999999999893e+00
1.629126539342652391e+00,1.482776869373535034e+00,-1.629999999999999893e+00
1.632051146118654206e+00,1.482026270531016765e+00,-1.629999999999999893e+00
1.638293692687024183e+00,1.483667199697379813e+00,-1.629999999999999893e+00
1.644153633917244228e+00,1.482163246648226185e+00,-1.629999999999999893e+00
1.650429914488333649e+00,1.483807444463075997e+00,-1.629999999999999893e+00
1.653365268653659959e+00,1.483054085189824178e+00,-1.629999999999999893e+00
1.659670083234856763e+00,1.484702953202729381e+00,-1.629999999999999893e+00
1.665551598305865966e+00,1.483193458969643386e+00,-1.629999999999999893e+00
1.671890541053408175e+00,1.484845626769524030e+00,-1.629999999999999893e+00
1.674836721888706137e+00,1.484089486686865023e+00,-1.629999999999999893e+00
1.681204555914890264e+00,1.485746366285695785e+00,-1.629999999999999893e+00
1.687107804265236544e+00,1.484231289885661109e+00,-1.629999999999999893e+00
1.693510166620972868e+00,1.485891500834207957e+00,-1.629999999999999893e+00
1.699424340011168377e+00,1.484373618338300282e+00,-1.629999999999999893e+00
1.705861443198567251e+00,1.486037173974084968e+00,-1.629999999999999893e+00
1.711786582141129998e+00,1.484516474968591293e+00,-1.629999999999999893e+00
1.718258640317893882e+00,1.486183388708950392e+00,-1.629999999999999893e+00
1.727162855232072136e+00,1.483898100482083704e+00,-1.629999999999999893e+00
1.733675611773355829e+00,1.485566966063449179e+00,-1.629999999999999893e+00
1.736649207035954934e+00,1.484803784566259610e+00,-1.629999999999999893e+00
1.743191824366292719e+00,1.486477455090237099e+00,-1.629999999999999893e+00
1.749150105307120784e+00,1.484948243490768593e+00,-1.629999999999999893e+00
1.755728330192766640e+00,1.486625312856626246e+00,-1.629999999999999893e+00
1.761697741010552098e+00,1.485093242507601996e+00,-1.629999999999999893e+00
1.768311794391774328e+00,1.486773724458364532e+00,-1.629999999999999893e+00
1.771302086561552080e+00,1.486006254299917728e+00,-1.629999999999999893e+00
1.777946580417071987e+00,1.487691603797618889e+00,-1.629999999999999893e+00
1.780942481298495306e+00,1.486922693013067454e+00,-1.629999999999999893e+00
1.787617597892396937e+00,1.488612934806618382e+00,-1.629999999999999893e+00
1.793620657235807769e+00,1.487072221661792426e+00,-1.629999999999999893e+00
1.800332233236279889e+00,1.488765928668766447e+00,-1.629999999999999893e+00
1.806346590533013607e+00,1.487222313569266596e+00,-1.629999999999999893e+00
1.813094853688313801e+00,1.488919499930645873e+00,-1.629999999999999893e+00
1.819120551544765263e+00,1.487372971924096898e+00,-1.629999999999999893e+00
1.825905731406178623e+00,1.489073651867098835e+00,-1.629999999999999893e+00
1.831942812670213083e+00,1.487524199939008751e+00,-1.629999999999999893e+00
1.838765140609587956e+00,1.489228387777784768e+00,-1.629999999999999893e+00
1.841789395506931992e+00,1.488452194053674571e+00,-1.629999999999999893e+00
1.848643365741491573e+00,1.490161378305382867e+00,-1.629999999999999893e+00
1.851673357599848746e+00,1.489383710987406850e+00,-1.629999999999999893e+00
1.858559161573915874e+00,1.491097917355840963e+00,-1.629999999999999893e+00
1.864630660779659221e+00,1.489539624845954924e+00,-1.629999999999999893e+00
1.871554274185609490e+00,1.491257393857055469e+00,-1.629999999999999893e+00
1.874595803456963194e+00,1.490476763029260576e+00,-1.629999999999999893e+00
1.881551660072748211e+00,1.492199600449855890e+00,-1.629999999999999893e+00
1.887646322051278025e+00,1.490635358312234038e+00,-1.629999999999999893e+00
1.894640444989849959e+00,1.492361793636389544e+00,-1.629999999999999893e+00
1.897693599872873227e+00,1.491578176625876662e+00,-1.629999999999999893e+00
1.904720382119645450e+00,1.493309727276232568e+00,-1.629999999999999893e+00
1.913897382241363410e+00,1.490954372019552165e+00,-1.629999999999999893e+00
1.920968766650123172e+00,1.492688048091119546e+00,-1.629999999999999893e+00
1.927098499806717991e+00,1.491114797443316764e+00,-1.629999999999999893e+00
1.934208883274525670e+00,1.492852116545066332e+00,-1.629999999999999893e+00
1.937279641030316801e+00,1.492063977982847067e+00,-1.629999999999999893e+00
1.944423354731364961e+00,1.493806475223757646e+00,-1.629999999999999893e+00
1.950576697980392904e+00,1.492227159956118099e+00,-1.629999999999999893e+00
1.957759886292983476e+00,1.493973336651115202e+00,-1.629999999999999893e+00
1.960842494608803221e+00,1.493182154078618762e+00,-1.629999999999999893e+00
1.968059446801805334e+00,1.494933557336201924e+00,-1.629999999999999893e+00
1.974236582725962474e+00,1.493348130511588101e+00,-1.629999999999999893e+00
1.981493492649284205e+00,1.495103250167532316e+00,-1.629999999999999893e+00
1.987682591915147512e+00,1.493514750338438946e+00,-1.629999999999999893e+00
1.994979715627650307e+00,1.495273602076936381e+00,-1.629999999999999893e+00
2.004281375978877122e+00,1.492886225745080120e+00,-1.629999999999999893e+00
2.011625004133856809e+00,1.494647275778856033e+00,-1.629999999999999893e+00
2.014731585815383585e+00,1.493849935196393641e+00,-1.629999999999999893e+00
2.022109913637497147e+00,1.495616298548804179e+00,-1.629999999999999893e+00
2.028335182587939212e+00,1.494018507812021834e+00,-1.629999999999999893e+00
2.035754504960159750e+00,1.495788650895979011e+00,-1.629999999999999893e+00
2.038873215861360499e+00,1.494988194666258208e+00,-1.629999999999999893e+00
2.046327693859928409e+00,1.496763701371772504e+00,-1.629999999999999893e+00
2.052577316056213963e+00,1.495159654967507024e+00,-1.629999999999999893e+00
2.060073295891451828e+00,1.496938979825174432e+00,-1.629999999999999893e+00
2.066335164125217450e+00,1.495331787740976859e+00,-1.629999999999999893e+00
2.073872914533440692e+00,1.497114947076921165e+00,-1.629999999999999893e+00
2.083284154789747600e+00,1.494699422729232952e+00,-1.629999999999999893e+00
2.090870122342237902e+00,1.496484846611719544e+00,-1.629999999999999893e+00
2.094013373670031708e+00,1.495678086591619715e+00,-1.629999999999999893e+00
2.101635480300243053e+00,1.497468964280306514e+00,-1.629999999999999893e+00
2.104784929401978033e+00,1.496660612202679985e+00,-1.629999999999999893e+00
2.112443401703822055e+00,1.498456972896040185e+00,-1.629999999999999893e+00
2.118754742221706344e+00,1.496837072601686858e+00,-1.629999999999999893e+00
2.126456057743753014e+00,1.498637340462387835e+00,-1.629999999999999893e+00
2.132779887607143543e+00,1.497014231936804496e+00,-1.629999999999999893e+00
2.140524326221465046e+00,1.498818423858770066e+00,-1.629999999999999893e+00
2.143692511704737846e+00,1.498005258827632913e+00,-1.629999999999999893e+00
2.151474056786700118e+00,1.499815009848671776e+00,-1.629999999999999893e+00
2.157823018696995110e+00,1.498185445436098329e+00,-1.629999999999999893e+00
2.165648228534901243e+00,1.499999161081712051e+00,-1.629999999999999893e+00
2.168829030031072413e+00,1.499182755255171307e+00,-1.629999999999999893e+00
2.176691842255848997e+00,1.501002083758375516e+00,-1.629999999999999893e+00
2.183066136768619714e+00,1.499366011897364626e+00,-1.629999999999999893e+00
2.190973164300100695e+00,1.501189346187255413e+00,-1.629999999999999893e+00
2.194166682687128223e+00,1.500369673630158385e+00,-1.629999999999999893e+00
2.202111816899005703e+00,1.502198675295771446e+00,-1.629999999999999893e+00
2.208511646980110932e+00,1.500556043804684991e+00,-1.629999999999999893e+00
2.216501556117830063e+00,1.502389093029327105e+00,-1.629999999999999893e+00
2.226120561377587848e+00,1.499920198181897035e+00,-1.629999999999999893e+00
2.234161993212546271e+00,1.501755655453132610e+00,-1.629999999999999893e+00
2.237374775304858954e+00,1.500931034369553663e+00,-1.629999999999999893e+00
2.245455125352696424e+00,1.502772232219565796e+00,-1.629999999999999893e+00
2.251893637807911297e+00,1.501119663834455054e+00,-1.629999999999999893e+00
2.260019658852432833e+00,1.502964962985366748e+00,-1.629999999999999893e+00
2.263245415360302548e+00,1.502137008961908826e+00,-1.629999999999999893e+00
2.271410881091227019e+00,1.503988105048865931e+00,-1.629999999999999893e+00
2.277875447274809506e+00,1.502328843814621617e+00,-1.629999999999999893e+00
2.286087167593205294e+00,1.504184084429112112e+00,-1.629999999999999893e+00
2.292564837541317235e+00,1.502521456997878868e+00,-1.629999999999999893e+00
2.300823121202135724e+00,1.504380860572397838e+00,-1.629999999999999893e+00
2.304068535843939891e+00,1.503547856614976475e+00,-1.629999999999999893e+00
2.312367084256314431e+00,1.505413139735564121e+00,-1.629999999999999893e+00
2.318871126450405384e+00,1.503743737562585059e+00,-1.629999999999999893e+00
2.327216836654551368e+00,1.505613227808084043e+00,-1.629999999999999893e+00
2.330475491158249479e+00,1.504776822663083102e+00,-1.629999999999999893e+00
2.338862015632474201e+00,1.506652250818730998e+00,-1.629999999999999893e+00
2.345392645686526389e+00,1.504976018467763854e+00,-1.629999999999999893e+00
2.353826940456503980e+00,1.506855698581965219e+00,-1.629999999999999893e+00
2.360370943745195405e+00,1.505176030750862815e+00,-1.629999999999999893e+00
2.368853330629359544e+00,1.507059981965016560e+00,-1.629999999999999893e+00
2.375410762035683909e+00,1.505376864542653070e+00,-1.629999999999999893e+00
2.383941565614728475e+00,1.507265106126682408e+00,-1.629999999999999893e+00
2.390512480360230452e+00,1.505578524914811478e+00,-1.629999999999999893e+00
2.399092028006295507e+00,1.507471076268315002e+00,-1.629999999999999893e+00
2.405676481653860055e+00,1.505781016980851206e+00,-1.629999999999999893e+00
2.414305103560076660e+00,1.507677897634257747e+00,-1.629999999999999893e+00
2.420903152016746329e+00,1.505984345896550058e+00,-1.629999999999999893e+00
2.429581181227163267e+00,1.507885575512289744e+00,-1.629999999999999893e+00
2.436192880746986589e+00,1.506188516860388793e+00,-1.629999999999999893e+00
2.444920653186863468e+00,1.508094115234078991e+00,-1.629999999999999893e+00
2.451546060373774871e+00,1.506393535113995430e+00,-1.629999999999999893e+00
2.460323914880272245e+00,1.508303522175636013e+00,-1.629999999999999893e+00
2.463643502009790875e+00,1.507451463744902798e+00,-1.629999999999999893e+00
2.472464864482963876e+00,1.509367636245509292e+00,-1.629999999999999893e+00
2.479117863147005441e+00,1.507659967901093134e+00,-1.629999999999999893e+00
2.487989965365410061e+00,1.509580576777244776e+00,-1.629999999999999893e+00
2.491323405745815123e+00,1.508724959446598124e+00,-1.629999999999999893e+00
2.500239621505778498e+00,1.510651816659162261e+00,-1.629999999999999893e+00
2.503580033200966337e+00,1.509794408388378084e+00,-1.629999999999999893e+00
2.512540654669799256e+00,1.511727549493054434e+00,-1.629999999999999893e+00
2.519235476639593241e+00,1.510009136683904352e+00,-1.629999999999999893e+00
2.528247830929889250e+00,1.511946790866655066e+00,-1.629999999999999893e+00
2.538311142433639755e+00,1.509363756503114828e+00,-1.629999999999999893e+00
2.547382647970448222e+00,1.511304130411000424e+00,-1.629999999999999893e+00
2.554105633787910445e+00,1.509578482201722194e+00,-1.629999999999999893e+00
2.563229617892682111e+00,1.511523403486583206e+00,-1.629999999999999893e+00
2.569966777202325137e+00,1.509794114033351509e+00,-1.629999999999999893e+00
2.579143602782580036e+00,1.511743603842154116e+00,-1.629999999999999893e+00
2.585894995472124425e+00,1.510010657745893381e+00,-1.629999999999999893e+00
2.595125028638487041e+00,1.511964737372213374e+00,-1.629999999999999893e+00
2.598507873078529151e+00,1.511096427927773433e+00,-1.629999999999999893e+00
2.607784300928401855e+00,1.513056963990395021e+00,-1.629999999999999893e+00
2.614564346672330508e+00,1.511316656707652806e+00,-1.629999999999999893e+00
2.623894693537610401e+00,1.513281833473387294e+00,-1.629999999999999893e+00
2.634086381347144457e+00,1.510665818381761394e+00,-1.629999999999999893e+00
2.643478266491619433e+00,1.512633796708509504e+00,-1.629999999999999893e+00
2.650287199234033775e+00,1.510886068078997058e+00,-1.629999999999999893e+00
2.659733789141342619e+00,1.512858722890871865e+00,-1.629999999999999893e+00
2.663145526100219485e+00,1.511982990682423145e+00,-1.629999999999999893e+00
2.672639897834811595e+00,1.513962220919838009e+00,-1.629999999999999893e+00
2.676058937800611215e+00,1.513084612481969904e+00,-1.629999999999999893e+00
2.685601414763922445e+00,1.515070456463438520e+00,-1.629999999999999893e+00
2.692454160764965465e+00,1.513311471684828380e+00,-1.629999999999999893e+00
2.702052437690230846e+00,1.515302074976723645e+00,-1.629999999999999893e+00
2.705486175248325242e+00,1.514420690530068780e+00,-1.629999999999999893e+00
2.715133244536521051e+00,1.516417976979376636e+00,-1.629999999999999893e+00
2.725456642116750761e+00,1.513768124005329119e+00,-1.629999999999999893e+00
2.735167700356433418e+00,1.515768313941933787e+00,-1.629999999999999893e+00
2.742064816546159189e+00,1.513997929798161168e+00,-1.629999999999999893e+00
2.751832863236981286e+00,1.516002947391011046e+00,-1.629999999999999893e+00
2.758744897449362465e+00,1.514228730554304292e+00,-1.629999999999999893e+00
2.768570335918743908e+00,1.516238598909830149e+00,-1.629999999999999893e+00
2.772033845705561106e+00,1.515349565487563055e+00,-1.629999999999999893e+00
2.781909553686200631e+00,1.517366242281205091e+00,-1.629999999999999893e+00
2.785380590051083072e+00,1.516475275138872147e+00,-1.629999999999999893e+00
2.795306912630139529e+00,1.518498800671841842e+00,-1.629999999999999893e+00
2.798785508356435248e+00,1.517605891379107730e+00,-1.629999999999999893e+00
2.808762793707625605e+00,1.519636306286306526e+00,-1.629999999999999893e+00
2.812248981793340707e+00,1.518741446357588787e+00,-1.629999999999999893e+00
3.059363602353674327e+00,1.629697706007853686e+00,-1.629999999999999893e+00
3.549964186990695048e+00,1.859218266068215941e+00,-1.629999999999999893e+00
3.535462728796122889e+00,1.855752535381632873e+00,-1.629999999999999893e+00
3.526760741917373654e+00,1.857986729504971457e+00,-1.629999999999999893e+00
3.512361796155794025e+00,1.854533768191486631e+00,-1.629999999999999893e+00
3.503683440903990753e+00,1.856761888112276049e+00,-1.629999999999999893e+00
3.489386109705799210e+00,1.853321608784231911e+00,-1.629999999999999893e+00
3.476403826022153698e+00,1.856654728372371332e+00,-1.629999999999999893e+00
3.462218918214314378e+00,1.853224038068323587e+00,-1.629999999999999893e+00
3.449271687135230025e+00,1.856548147947438165e+00,-1.629999999999999893e+00
3.435198198815820003e+00,1.853126993405576517e+00,-1.629999999999999893e+00
3.426589958098179789e+00,1.855337091513276526e+00,-1.629999999999999893e+00
3.412615325508085107e+00,1.851928394055623039e+00,-1.629999999999999893e+00
3.399737647112356598e+00,1.855234626701562917e+00,-1.629999999999999893e+00
3.385872521949767844e+00,1.851835343854786986e+00,-1.629999999999999893e+00
3.377310400928783096e+00,1.854033587817772055e+00,-1.629999999999999893e+00
3.363542364574781729e+00,1.850646610125267433e+00,-1.629999999999999893e+00
3.355003122629122370e+00,1.852838973534316480e+00,-1.629999999999999893e+00
3.341331336998266011e+00,1.849464218205492116e+00,-1.629999999999999893e+00
3.332814852182298004e+00,1.851650732438973268e+00,-1.629999999999999893e+00
3.319238488432931788e+00,1.848288117480819670e+00,-1.629999999999999893e+00
3.306497709432144383e+00,1.851559163302888500e+00,-1.629999999999999893e+00
3.293027213918459761e+00,1.848205711871147905e+00,-1.629999999999999893e+00
3.284555873431286077e+00,1.850380622936245611e+00,-1.629999999999999893e+00
3.271179109776233052e+00,1.847039165570710351e+00,-1.629999999999999893e+00
3.262730166417052491e+00,1.849208320092228020e+00,-1.629999999999999893e+00
3.249446333238288798e+00,1.845878777012348593e+00,-1.629999999999999893e+00
3.236806330798059683e+00,1.849123921086788025e+00,-1.629999999999999893e+00
3.223625724253825986e+00,1.845803363249908680e+00,-1.629999999999999893e+00
3.219423471029583705e+00,1.846882229939243780e+00,-1.629999999999999893e+00
3.206323129538587668e+00,1.843576279120020533e+00,-1.629999999999999893e+00
3.193749438237503124e+00,1.846804380053778782e+00,-1.629999999999999893e+00
3.180750648008459081e+00,1.843507288498031027e+00,-1.629999999999999893e+00
3.168209840403637401e+00,1.846726937807668500e+00,-1.629999999999999893e+00
3.155311719847824214e+00,1.843438658182493084e+00,-1.629999999999999893e+00
3.142803624388113892e+00,1.846649900007533818e+00,-1.629999999999999893e+00
3.130005301549358077e+00,1.843370385358182206e+00,-1.629999999999999893e+00
3.121688269707276309e+00,1.845505636461759691e+00,-1.629999999999999893e+00
3.108978079630603908e+00,1.842237616569023739e+00,-1.629999999999999893e+00
3.096534910617142256e+00,1.845432171523417875e+00,-1.629999999999999893e+00
3.083922858648494358e+00,1.842172809428318736e+00,-1.629999999999999893e+00
3.075648886716039421e+00,1.844296993684434227e+00,-1.629999999999999893e+00
3.063123437520264503e+00,1.841048991347973285e+00,-1.629999999999999893e+00
3.050744524399957136e+00,1.844227031958237673e+00,-1.629999999999999893e+00
3.038315588992855254e+00,1.840987582150243718e+00,-1.629999999999999893e+00
3.030084233397374316e+00,1.843100813684684480e+00,-1.629999999999999893e+00
3.017740403875804667e+00,1.839872590968099297e+00,-1.629999999999999893e+00
3.009530195989781554e+00,1.841980387427337496e+00,-1.629999999999999893e+00
2.997270763165689633e+00,1.838763319349711267e+00,-1.629999999999999893e+00
2.989081594603764547e+00,1.840865708619247920e+00,-1.629999999999999893e+00
2.976905856824343388e+00,1.837659723398247458e+00,-1.629999999999999893e+00
2.968737620032266822e+00,1.839756733149528367e+00,-1.629999999999999893e+00
2.956644883081680497e+00,1.836561759664933291e+00,-1.629999999999999893e+00
2.940350044824993958e+00,1.840745078836593107e+00,-1.629999999999999893e+00
2.928360355697504414e+00,1.837555718027126916e+00,-1.629999999999999893e+00
2.920233648390491599e+00,1.839642054678110039e+00,-1.629999999999999893e+00
2.908325488399302827e+00,1.836463592381044840e+00,-1.629999999999999893e+00
2.896166343089755735e+00,1.839585152084578068e+00,-1.629999999999999893e+00
2.884349302729383169e+00,1.836414881567494550e+00,-1.629999999999999893e+00
2.876263712013172213e+00,1.838490651348679394e+00,-1.629999999999999893e+00
2.864526812678880763e+00,1.835331154530796427e+00,-1.629999999999999893e+00
2.856461628244859607e+00,1.837401679987388015e+00,-1.629999999999999893e+00
2.844804212657596754e+00,1.834252888640760970e+00,-1.629999999999999893e+00
2.836759331763055059e+00,1.836318196205005915e+00,-1.629999999999999893e+00
2.825180749510373790e+00,1.833180042721197056e+00,-1.629999999999999893e+00
2.813143725159299002e+00,1.836270217955837891e+00,-1.629999999999999893e+00
2.801653389936412442e+00,1.833140050692467105e+00,-1.629999999999999893e+00
2.793648803862855523e+00,1.835195002800796393e+00,-1.629999999999999893e+00
2.782235971141049813e+00,1.832075352942233781e+00,-1.629999999999999893e+00
2.774251385027428629e+00,1.834125165257807222e+00,-1.629999999999999893e+00
2.762915424847073087e+00,1.831015966914188109e+00,-1.629999999999999893e+00
2.750968390791379115e+00,1.834083015525628468e+00,-1.629999999999999893e+00
2.739718587408694894e+00,1.830981657246951277e+00,-1.629999999999999893e+00
2.727801244836675298e+00,1.834041075516217756e+00,-1.629999999999999893e+00
2.716636882980834500e+00,1.830947517869102370e+00,-1.629999999999999893e+00
2.704749084676413506e+00,1.833999343668198945e+00,-1.629999999999999893e+00
2.693669456524798278e+00,1.830913547515983009e+00,-1.629999999999999893e+00
2.681811056364078905e+00,1.833957818435649534e+00,-1.629999999999999893e+00
2.670815461447610506e+00,1.830879744935426823e+00,-1.629999999999999893e+00
2.662929366862340164e+00,1.832904246283617589e+00,-1.629999999999999893e+00
2.652007398599856014e+00,1.829836353045205755e+00,-1.629999999999999893e+00
2.644140716958729431e+00,1.831855865612444179e+00,-1.629999999999999893e+00
2.633291784702533889e+00,1.828798089832292417e+00,-1.629999999999999893e+00
2.625444420663884504e+00,1.830812638144871052e+00,-1.629999999999999893e+00
2.614667939792914453e+00,1.827764917575226855e+00,-1.629999999999999893e+00
2.602925723071433772e+00,1.830779331491623196e+00,-1.629999999999999893e+00
2.592230686222247726e+00,1.827739144817902117e+00,-1.629999999999999893e+00
2.584421667384948496e+00,1.829743839219187151e+00,-1.629999999999999893e+00
2.573797883794950891e+00,1.826713596906196502e+00,-1.629999999999999893e+00
2.569902893955166689e+00,1.827713497794308584e+00,-1.629999999999999893e+00
2.559340318655319191e+00,1.824695574832836398e+00,-1.629999999999999893e+00
2.547683763921865463e+00,1.827687975586586022e+00,-1.629999999999999893e+00
2.537200792632250845e+00,1.824677440409405493e+00,-1.629999999999999893e+00
2.525572504811294472e+00,1.827662577285790180e+00,-1.629999999999999893e+00
2.515168490647286870e+00,1.824659393812884778e+00,-1.629999999999999893e+00
2.507435055522469813e+00,1.826644665079373286e+00,-1.629999999999999893e+00
2.497100016788111443e+00,1.823651197968650495e+00,-1.629999999999999893e+00
2.489385251178615199e+00,1.825631671693561220e+00,-1.629999999999999893e+00
2.479118644043969866e+00,1.822647862246135730e+00,-1.629999999999999893e+00
2.467574360081595142e+00,1.825611412484889451e+00,-1.629999999999999893e+00
2.457384897893711617e+00,1.822634825100767797e+00,-1.629999999999999893e+00
2.449707195642323754e+00,1.824605774650457146e+00,-1.629999999999999893e+00
2.439585049320855958e+00,1.821638740460729489e+00,-1.629999999999999893e+00
2.428096093624854568e+00,1.824588073057641147e+00,-1.629999999999999893e+00
2.418049899166521577e+00,1.821628180110711037e+00,-1.629999999999999893e+00
2.406588404336182041e+00,1.824570456169901878e+00,-1.629999999999999893e+00
2.396617552202544132e+00,1.821617670173048653e+00,-1.629999999999999893e+00
2.388994778813160913e+00,1.823574504816293462e+00,-1.629999999999999893e+00
2.379089589306200292e+00,1.820631124002893841e+00,-1.629999999999999893e+00
2.371484955578416098e+00,1.822583297396921820e+00,-1.629999999999999893e+00
2.361644917495478335e+00,1.819649265799160753e+00,-1.629999999999999893e+00
2.354058337301599746e+00,1.821596800097721625e+00,-1.629999999999999893e+00
2.344282944491529186e+00,1.818672062225952457e+00,-1.629999999999999893e+00
2.336714332315817266e+00,1.820614979425229318e+00,-1.629999999999999893e+00
2.327003083617784185e+00,1.817699480262684686e+00,-1.629999999999999893e+00
2.315676985267023369e+00,1.820606964392227356e+00,-1.629999999999999893e+00
2.306038290175946415e+00,1.817698360979062455e+00,-1.629999999999999893e+00
2.298505353604695767e+00,1.819632110963694815e+00,-1.629999999999999893e+00
2.288929773147694302e+00,1.816732648397930028e+00,-1.629999999999999893e+00
2.277656936257504761e+00,1.819626446509472029e+00,-1.629999999999999893e+00
2.268152806442573777e+00,1.816733804143333408e+00,-1.629999999999999893e+00
2.256906408191811320e+00,1.819620808651480903e+00,-1.629999999999999893e+00
2.247473164931355960e+00,1.816734954474898744e+00,-1.629999999999999893e+00
2.239993112481543314e+00,1.818655115495771968e+00,-1.629999999999999893e+00
2.230621457270850705e+00,1.815778263502688672e+00,-1.629999999999999893e+00
2.215696275083621103e+00,1.819609611978436181e+00,-1.629999999999999893e+00
2.206403134851673720e+00,1.816737239047963692e+00,-1.629999999999999893e+00
2.198957923780989976e+00,1.818648447422218872e+00,-1.629999999999999893e+00
2.189725352104822331e+00,1.815784992902273798e+00,-1.629999999999999893e+00
2.182297446419718678e+00,1.817691754613003807e+00,-1.629999999999999893e+00
2.173124981367902997e+00,1.814837166725904671e+00,-1.629999999999999893e+00
2.162008955951011391e+00,1.817690671436336558e+00,-1.629999999999999893e+00
2.152904718860115807e+00,1.814842694511886956e+00,-1.629999999999999893e+00
2.145511177646541867e+00,1.816740626241132306e+00,-1.629999999999999893e+00
2.136466097053658864e+00,1.813901423871017826e+00,-1.629999999999999893e+00
2.129089622135434290e+00,1.815794970430805400e+00,-1.629999999999999893e+00
2.120103249618670471e+00,1.812964492048331877e+00,-1.629999999999999893e+00
2.112743762390026259e+00,1.814853673655808519e+00,-1.629999999999999893e+00
2.103815653833192023e+00,1.812031869112922688e+00,-1.629999999999999893e+00
2.092801782936988264e+00,1.814859125365173576e+00,-1.629999999999999893e+00
2.083939920510304411e+00,1.812043780924786240e+00,-1.629999999999999893e+00
2.076614169044367575e+00,1.813924294252710734e+00,-1.629999999999999893e+00
2.067809656535555263e+00,1.811117534502145743e+00,-1.629999999999999893e+00
2.056846157581972534e+00,1.813931847926961050e+00,-1.629999999999999893e+00
2.048106909013384325e+00,1.811131479621537643e+00,-1.629999999999999893e+00
2.037168419212986414e+00,1.813939367106414791e+00,-1.629999999999999893e+00
2.028493931466706535e+00,1.811145361203955195e+00,-1.629999999999999893e+00
2.021218204749780867e+00,1.813013020997800595e+00,-1.629999999999999893e+00
2.012599709997194619e+00,1.810227473438861479e+00,-1.629999999999999893e+00
2.005340510621782535e+00,1.812090886677715673e+00,-1.629999999999999893e+00
1.996777590311729300e+00,1.809313749535808480e+00,-1.629999999999999893e+00
1.989534843361940863e+00,1.811172935486905056e+00,-1.629999999999999893e+00
1.981027082901988923e+00,1.808404161225796614e+00,-1.629999999999999893e+00
1.973800713970153220e+00,1.810259139025537811e+00,-1.629999999999999893e+00
1.965347702680757758e+00,1.807498680495149168e+00,-1.629999999999999893e+00
1.961742671715453579e+00,1.808424074452140040e+00,-1.629999999999999893e+00
1.953335881675127395e+00,1.805673971494951013e+00,-1.629999999999999893e+00
1.946142053314823483e+00,1.807520588408122908e+00,-1.629999999999999893e+00
1.937789239125401464e+00,1.804778698641639645e+00,-1.629999999999999893e+00
1.923433886504853918e+00,1.808463632388520370e+00,-1.629999999999999893e+00
1.915150745509929031e+00,1.805725774038044573e+00,-1.629999999999999893e+00
1.907989148880981922e+00,1.807564109483309034e+00,-1.629999999999999893e+00
1.899759116579517348e+00,1.804834391300757845e+00,-1.629999999999999893e+00
1.889040737586749508e+00,1.807585723964430402e+00,-1.629999999999999893e+00
1.880871399112312270e+00,1.804862051143534707e+00,-1.629999999999999893e+00
1.870176924693708997e+00,1.807607241944028553e+00,-1.629999999999999893e+00
1.862067821140906076e+00,1.804889587769452408e+00,-1.629999999999999893e+00
1.854954039796234966e+00,1.806715637912962302e+00,-1.629999999999999893e+00
1.846896810667325362e+00,1.804006007112499255e+00,-1.629999999999999893e+00
1.839798829910348266e+00,1.805827997605826907e+00,-1.629999999999999893e+00
1.831793094955669554e+00,1.803126345795662999e+00,-1.629999999999999893e+00
1.824710844751866290e+00,1.804944294649483805e+00,-1.629999999999999893e+00
1.816756227243010224e+00,1.802250577798849118e+00,-1.629999999999999893e+00
1.806156339251942633e+00,1.804971466524847745e+00,-1.629999999999999893e+00
1.798260267419643510e+00,1.802283636542162171e+00,-1.629999999999999893e+00
1.791209264550398750e+00,1.804093557089274658e+00,-1.629999999999999893e+00
1.783363532760882331e+00,1.801413583883018754e+00,-1.629999999999999893e+00
1.772810309201078516e+00,1.804122483271622279e+00,-1.629999999999999893e+00
1.765022284293222388e+00,1.801448336986278598e+00,-1.629999999999999893e+00
1.758002254239503515e+00,1.803250299823082825e+00,-1.629999999999999893e+00
1.750263806485939488e+00,1.800583933268193215e+00,-1.629999999999999893e+00
1.743259163748435814e+00,1.802381942733649156e+00,-1.629999999999999893e+00
1.735569933883923888e+00,1.799723313475548148e+00,-1.629999999999999893e+00
1.728580611154797886e+00,1.801517386878479732e+00,-1.629999999999999893e+00
1.720940243199922559e+00,1.798866452816419326e+00,-1.629999999999999893e+00
1.710479134766062836e+00,1.801551685660222724e+00,-1.629999999999999893e+00
1.702894874742656217e+00,1.798906452745625328e+00,-1.629999999999999893e+00
1.695935986486474478e+00,1.800692706878025851e+00,-1.629999999999999893e+00
1.688399853102645620e+00,1.798055094435005774e+00,-1.629999999999999893e+00
1.677984197806911437e+00,1.800728649436693640e+00,-1.629999999999999893e+00
1.670503377871189521e+00,1.798096680935778124e+00,-1.629999999999999893e+00
1.663574660188081866e+00,1.799875183660723854e+00,-1.629999999999999893e+00
1.656141245185660749e+00,1.797250761978389733e+00,-1.629999999999999893e+00
1.649227517551710154e+00,1.799025413491339265e+00,-1.629999999999999893e+00
1.641841167812650992e+00,1.796408498032859180e+00,-1.629999999999999893e+00
1.634942365506974582e+00,1.798179314976784626e+00,-1.629999999999999893e+00
1.627602744430103998e+00,1.795569865461615899e+00,-1.629999999999999893e+00
1.620718803150071219e+00,1.797336864371837928e+00,-1.629999999999999893e+00
1.613425577169075087e+00,1.794734840830471745e+00,-1.629999999999999893e+00
1.603121857024609520e+00,1.797379637797150043e+00,-1.629999999999999893e+00
1.595882067640576940e+00,1.794783106582954479e+00,-1.629999999999999893e+00
1.589027651940252861e+00,1.796542519945320437e+00,-1.629999999999999893e+00
1.581833567933541573e+00,1.793953343801328870e+00,-1.629999999999999893e+00
1.574993822847050140e+00,1.795708988093531966e+00,-1.629999999999999893e+00
1.567845119759069705e+00,1.793127127912806484e+00,-1.629999999999999893e+00
1.557607410171381712e+00,1.795754965912849554e+00,-1.629999999999999893e+00
1.550511044456086118e+00,1.793178513088271364e+00,-1.629999999999999893e+00
1.540295145682315736e+00,1.795800747649628937e+00,-1.629999999999999893e+00
1.533250736752652665e+00,1.793229679586883396e+00,-1.629999999999999893e+00
1.526454618854207190e+00,1.794974115574235807e+00,-1.629999999999999893e+00
1.519454573234903183e+00,1.792410263756168076e+00,-1.629999999999999893e+00
1.509282026135323473e+00,1.795021360859352599e+00,-1.629999999999999893e+00
1.502333216932052906e+00,1.792462841180929578e+00,-1.629999999999999893e+00
1.495565877636052088e+00,1.794199883699022946e+00,-1.629999999999999893e+00
1.488660778849566935e+00,1.791648512306656338e+00,-1.629999999999999893e+00
1.485284260782175458e+00,1.792515196274380829e+00,-1.629999999999999893e+00
1.478415440266065861e+00,1.789972766172855057e+00,-1.629999999999999893e+00
1.471676646958932189e+00,1.791702475039447684e+00,-1.629999999999999893e+00
1.464850955681629152e+00,1.789167110789771753e+00,-1.629999999999999893e+00
1.451401719748691921e+00,1.792619245084557944e+00,-1.629999999999999893e+00
1.444632986834119892e+00,1.790087279521758168e+00,-1.629999999999999893e+00
1.441277737015858706e+00,1.790948499566035634e+00,-1.629999999999999893e+00
1.434544437488932234e+00,1.788425349102392259e+00,-1.629999999999999893e+00
1.424499780526822246e+00,1.791003590505238607e+00,-1.629999999999999893e+00
1.417815689955356673e+00,1.788485603657056888e+00,-1.629999999999999893e+00
1.407792029833265124e+00,1.791058450921539036e+00,-1.629999999999999893e+00
1.401156796081133082e+00,1.788545606608835659e+00,-1.629999999999999893e+00
1.394488297963932810e+00,1.790257256408245290e+00,-1.629999999999999893e+00
1.387894623893975554e+00,1.787751318653388211e+00,-1.629999999999999893e+00
1.381240012145681151e+00,1.789459401038608677e+00,-1.629999999999999893e+00
1.374687609567676327e+00,1.786960334170697440e+00,-1.629999999999999893e+00
1.364726431254873695e+00,1.789517129829406139e+00,-1.629999999999999893e+00
1.358221905034868060e+00,1.787023128273016903e+00,-1.629999999999999893e+00
1.348281376372235441e+00,1.789574619064433048e+00,-1.629999999999999893e+00
1.341824386289115711e+00,1.787085662339984227e+00,-1.629999999999999893e+00
1.335211079085243835e+00,1.788783133644352485e+00,-1.629999999999999893e+00
1.328794454204748288e+00,1.786300956950764185e+00,-1.629999999999999893e+00
1.322194804699214465e+00,1.787994919637119429e+00,-1.629999999999999893e+00
1.315818267071324765e+00,1.785519488259355469e+00,-1.629999999999999893e+00
1.309232218969086814e+00,1.787209956802176647e+00,-1.629999999999999893e+00
1.302895493048109588e+00,1.784741236281214949e+00,-1.629999999999999893e+00
1.296322990401469477e+00,1.786428225065597619e+00,-1.629999999999999893e+00
1.290025803020628858e+00,1.783966181195988598e+00,-1.629999999999999893e+00
1.283466790226382104e+00,1.785649704518375458e+00,-1.629999999999999893e+00
1.277208870572731358e+00,1.783194303345819520e+00,-1.629999999999999893e+00
1.267390499698461515e+00,1.785714412365300374e+00,-1.629999999999999893e+00
1.261178273876260247e+00,1.783263900397947355e+00,-1.629999999999999893e+00
1.254646070601597385e+00,1.784940536551191004e+00,-1.629999999999999893e+00
1.248472550530706826e+00,1.782496607138619460e+00,-1.629999999999999893e+00
1.238694229730055829e+00,1.785006427623686553e+00,-1.629999999999999893e+00
1.232565791817600731e+00,1.782567341720996179e+00,-1.629999999999999893e+00
1.222807370251449477e+00,1.785072050282417333e+00,-1.629999999999999893e+00
1.216723699069146569e+00,1.782637788745104146e+00,-1.629999999999999893e+00
1.206985095910725780e+00,1.785137406164163165e+00,-1.629999999999999893e+00
1.200945878754107854e+00,1.782707949960907090e+00,-1.629999999999999893e+00
1.194466637694888478e+00,1.784370980650170857e+00,-1.629999999999999893e+00
1.188465004837711669e+00,1.781947995971735699e+00,-1.629999999999999893e+00
1.178765804942354611e+00,1.784437491157108591e+00,-1.629999999999999893e+00
1.172808035242378866e+00,1.782019267277210606e+00,-1.629999999999999893e+00
1.166354956846247459e+00,1.783675577109875121e+00,-1.629999999999999893e+00
1.160434238538497809e+00,1.781263766903442125e+00,-1.629999999999999893e+00
1.157214202773349632e+00,1.782090251179340612e+00,-1.629999999999999893e+00
1.151323805225737074e+00,1.779686487443023157e+00,-1.629999999999999893e+00
1.144896688233323134e+00,1.781336128167570587e+00,-1.629999999999999893e+00
1.139042870381149042e+00,1.778938707641030570e+00,-1.629999999999999893e+00
1.126214427737232349e+00,1.782231363699408710e+00,-1.629999999999999893e+00
1.120409801413587036e+00,1.779836951951673019e+00,-1.629999999999999893e+00
1.114008424116788909e+00,1.781479980563493992e+00,-1.629999999999999893e+00
1.108239836421596625e+00,1.779091862459545759e+00,-1.629999999999999893e+00
1.101851256347558650e+00,1.780731603688773479e+00,-1.629999999999999893e+00
1.096118465844483136e+00,1.778349748094127936e+00,-1.629999999999999893e+00
1.083366788982195184e+00,1.781622684362338394e+00,-1.629999999999999893e+00
1.077682260689981630e+00,1.779243796842748138e+00,-1.629999999999999893e+00
1.074500688058320552e+00,1.780060400594090764e+00,-1.629999999999999893e+00
1.068845102678053216e+00,1.777689352231518916e+00,-1.629999999999999893e+00
1.062494604622657102e+00,1.779319310920735697e+00,-1.629999999999999893e+00
1.056874079103767183e+00,1.776954439439872413e+00,-1.629999999999999893e+00
1.050536175850767640e+00,1.778581162787757686e+00,-1.629999999999999893e+00
1.044950476887269719e+00,1.776222437891547212e+00,-1.629999999999999893e+00
1.038625118577586770e+00,1.777845938716459573e+00,-1.629999999999999893e+00
1.033074014807009444e+00,1.775493330322080343e+00,-1.629999999999999893e+00
1.030695022558087537e+00,1.772341462951052105e+00,-1.629999999999999893e+00
1.031469396993895726e+00,1.768395063563697356e+00,-1.629999999999999893e+00
1.029102915356540970e+00,1.765269547535108341e+00,-1.629999999999999893e+00
1.031417210544192997e+00,1.753564401686760643e+00,-1.629999999999999893e+00
1.034536617361671240e+00,1.752763766841407556e+00,-1.629999999999999893e+00
1.039790382815253267e+00,1.725989307602341372e+00,-1.629999999999999893e+00
1.042867673862359235e+00,1.725199490987701090e+00,-1.629999999999999893e+00
1.045058410983456865e+00,1.713949295308061727e+00,-1.629999999999999893e+00
1.048117997354597541e+00,1.713164026402433704e+00,-1.629999999999999893e+00
1.048836797198434034e+00,1.709444172800537398e+00,-1.629999999999999893e+00
1.051890525814742405e+00,1.708660408536714526e+00,-1.629999999999999893e+00
1.056805736861239797e+00,1.683025199898357638e+00,-1.629999999999999893e+00
1.059819093031312054e+00,1.682251805708715464e+00,-1.629999999999999893e+00
1.060504997376803260e+00,1.678646315873927986e+00,-1.629999999999999893e+00
1.069528013150989665e+00,1.676330513419088675e+00,-1.629999999999999893e+00
1.070194360073888351e+00,1.672742950799731343e+00,-1.629999999999999893e+00
1.073196369157848551e+00,1.671972471183930331e+00,-1.629999999999999893e+00
1.078551010839528423e+00,1.674014715606020332e+00,-1.629999999999999893e+00
1.081558672716683933e+00,1.673242784033167618e+00,-1.629999999999999893e+00
1.086939207791812523e+00,1.675291281298583401e+00,-1.629999999999999893e+00
1.089952543790777995e+00,1.674517892285964926e+00,-1.629999999999999893e+00
1.095359129897860218e+00,1.676572675113699340e+00,-1.629999999999999893e+00
1.104416218534647554e+00,1.674248120774045612e+00,-1.629999999999999893e+00
1.109860452874900538e+00,1.676306284085732567e+00,-1.629999999999999893e+00
1.115909940139060863e+00,1.674753645763926491e+00,-1.629999999999999893e+00
1.121386328763986029e+00,1.676816675040035065e+00,-1.629999999999999893e+00
1.133508242241961783e+00,1.673705506303012847e+00,-1.629999999999999893e+00
1.139028515743143677e+00,1.675770463301409219e+00,-1.629999999999999893e+00
1.145100985530445703e+00,1.674211921685015092e+00,-1.629999999999999893e+00
1.150653869391395911e+00,1.676281777824909280e+00,-1.629999999999999893e+00
1.156737900160671684e+00,1.674720266640229660e+00,-1.629999999999999893e+00
1.162323603215219991e+00,1.676795044308668325e+00,-1.629999999999999893e+00
1.168419239070825677e+00,1.675230552217962243e+00,-1.629999999999999893e+00
1.174037971834827720e+00,1.677310273951573505e+00,-1.629999999999999893e+00
1.180145257133985437e+00,1.675742789552047363e+00,-1.629999999999999893e+00
1.185797231821924536e+00,1.677827478038342868e+00,-1.629999999999999893e+00
1.191916211176657470e+00,1.676256989861647062e+00,-1.629999999999999893e+00
1.197601641718440302e+00,1.678346667940348480e+00,-1.629999999999999893e+00
1.203732359997528922e+00,1.676773164452078468e+00,-1.629999999999999893e+00
1.209451462055476378e+00,1.678867855116456864e+00,-1.629999999999999893e+00
1.215593964386431303e+00,1.677291324715640686e+00,-1.629999999999999893e+00
1.221346955372473397e+00,1.679391051113861222e+00,-1.629999999999999893e+00
1.230578449873822811e+00,1.677021698451564236e+00,-1.629999999999999893e+00
1.236371490723476851e+00,1.679124957649129390e+00,-1.629999999999999893e+00
1.245620791514389980e+00,1.676751031141503923e+00,-1.629999999999999893e+00
1.251454149131317806e+00,1.678857834790463244e+00,-1.629999999999999893e+00
1.257632268521087449e+00,1.677272155549068611e+00,-1.629999999999999893e+00
1.263500224189807231e+00,1.679384053438678581e+00,-1.629999999999999893e+00
1.272785350817162708e+00,1.677000924419886463e+00,-1.629999999999999893e+00
1.278694140457186990e+00,1.679116396206303596e+00,-1.629999999999999893e+00
1.284896236338606723e+00,1.677524558152008849e+00,-1.629999999999999893e+00
1.290840098959840088e+00,1.679645165755200953e+00,-1.629999999999999893e+00
1.297054255154599378e+00,1.678050229768387247e+00,-1.629999999999999893e+00
1.303033419449180164e+00,1.680175997189648607e+00,-1.629999999999999893e+00
1.312372811474727063e+00,1.677778929017271325e+00,-1.629999999999999893e+00
1.318393589613461536e+00,1.679908318232428810e+00,-1.629999999999999893e+00
1.324632003373056310e+00,1.678307151174743828e+00,-1.629999999999999893e+00
1.330688570016140604e+00,1.680441742587716725e+00,-1.629999999999999893e+00
1.336939185885672288e+00,1.678837441144355624e+00,-1.629999999999999893e+00
1.343031775559152763e+00,1.680977259216726027e+00,-1.629999999999999893e+00
1.349294641365911929e+00,1.679369811092101594e+00,-1.629999999999999893e+00
1.355423490533413933e+00,1.681514880453570671e+00,-1.629999999999999893e+00
1.361698654386436669e+00,1.679904273279605897e+00,-1.629999999999999893e+00
1.367864001468793500e+00,1.682054618729503126e+00,-1.629999999999999893e+00
1.377295263613901088e+00,1.679633951578115347e+00,-1.629999999999999893e+00
1.383503550963690598e+00,1.681788004956149107e+00,-1.629999999999999893e+00
1.389803451966012515e+00,1.680171043417934440e+00,-1.629999999999999893e+00
1.396048744524855723e+00,1.682330416699120867e+00,-1.629999999999999893e+00
1.402361089595878907e+00,1.680710258571124660e+00,-1.629999999999999893e+00
1.408643631921879136e+00,1.682874977035497155e+00,-1.629999999999999893e+00
1.414968470319918570e+00,1.681251609653931611e+00,-1.629999999999999893e+00
1.421288509010465217e+00,1.683421698757076257e+00,-1.629999999999999893e+00
1.427625890286890797e+00,1.681795109382753894e+00,-1.629999999999999893e+00
1.433983673999519981e+00,1.683970594757401740e+00,-1.629999999999999893e+00
1.440333648001084432e+00,1.682340770575130984e+00,-1.629999999999999893e+00
1.446729427474589880e+00,1.684521678032778302e+00,-1.629999999999999893e+00
1.453092044345783984e+00,1.682888606150757305e+00,-1.629999999999999893e+00
1.459526072421591714e+00,1.685074961683291406e+00,-1.629999999999999893e+00
1.465901382607014858e+00,1.683438629132497200e+00,-1.629999999999999893e+00
1.472373914250813653e+00,1.685630458913847107e+00,-1.629999999999999893e+00
1.481955992221428708e+00,1.683171050386756074e+00,-1.629999999999999893e+00
1.488473686639020022e+00,1.685366736189518821e+00,-1.629999999999999893e+00
1.494874531448282529e+00,1.683723844250200274e+00,-1.629999999999999893e+00
1.501431271523816058e+00,1.685925050595577623e+00,-1.629999999999999893e+00
1.507844962787608267e+00,1.684278858615578578e+00,-1.629999999999999893e+00
1.514441010147064670e+00,1.686485612193823647e+00,-1.629999999999999893e+00
1.520867599534563741e+00,1.684836106889022744e+00,-1.629999999999999893e+00
1.527503218018654740e+00,1.687048434578895861e+00,-1.629999999999999893e+00
1.533942757511390864e+00,1.685395602584799812e+00,-1.629999999999999893e+00
1.540618213198567288e+00,1.687613531455315785e+00,-1.629999999999999893e+00
1.547070755092943228e+00,1.685957359326407445e+00,-1.629999999999999893e+00
1.553786316322689487e+00,1.688180916638592377e+00,-1.629999999999999893e+00
1.563484708204861295e+00,1.685691628846092360e+00,-1.629999999999999893e+00
1.570247204224101356e+00,1.687919157225945543e+00,-1.629999999999999893e+00
1.576725904420924973e+00,1.686256265360158046e+00,-1.629999999999999893e+00
1.583529076186517059e+00,1.688489470435798445e+00,-1.629999999999999893e+00
1.593266864750919165e+00,1.685990062099435249e+00,-1.629999999999999893e+00
1.600117599761033960e+00,1.688227273106338577e+00,-1.629999999999999893e+00
1.606622671212526221e+00,1.686557606752332683e+00,-1.629999999999999893e+00
1.613514662157228718e+00,1.688800543330684523e+00,-1.629999999999999893e+00
1.620033002267212252e+00,1.687127468385588802e+00,-1.629999999999999893e+00
1.626966529481594481e+00,1.689376158698505215e+00,-1.629999999999999893e+00
1.633498192489918122e+00,1.687699661216707891e+00,-1.629999999999999893e+00
1.640473538718784097e+00,1.689954133629625099e+00,-1.629999999999999893e+00
1.647018579198563426e+00,1.688274199579753443e+00,-1.629999999999999893e+00
1.654036029621863690e+00,1.690534482662328308e+00,-1.629999999999999893e+00
1.660594502482213519e+00,1.688851097926545197e+00,-1.629999999999999893e+00
1.667654344740793437e+00,1.691117220454582348e+00,-1.629999999999999893e+00
1.674226305229592926e+00,1.689430370827876171e+00,-1.629999999999999893e+00
1.681328829451272711e+00,1.691702361785267783e+00,-1.629999999999999893e+00
1.687914333157959579e+00,1.690012032974731904e+00,-1.629999999999999893e+00
1.695059831983934728e+00,1.692289921555433008e+00,-1.629999999999999893e+00
1.701658934842324777e+00,1.690596099179539014e+00,-1.629999999999999893e+00
1.708847703453910682e+00,1.692879914789553242e+00,-1.629999999999999893e+00
1.718766837247618806e+00,1.690333920106415810e+00,-1.629999999999999893e+00
1.726006034287646651e+00,1.692621929819152715e+00,-1.629999999999999893e+00
1.729319268245788743e+00,1.691771503627456097e+00,-1.629999999999999893e+00
1.736595472268738449e+00,1.694067262372415561e+00,-1.629999999999999893e+00
1.746555827700049912e+00,1.691510677927657635e+00,-1.629999999999999893e+00
1.753883120662765194e+00,1.693810675957816869e+00,-1.629999999999999893e+00
1.757210152328862574e+00,1.692956705147966812e+00,-1.629999999999999893e+00
1.764575003653352070e+00,1.695264527247326347e+00,-1.629999999999999893e+00
1.771242953531924735e+00,1.693553018168139523e+00,-1.629999999999999893e+00
1.778652589610217216e+00,1.695866917578958022e+00,-1.629999999999999893e+00
1.788675423930864872e+00,1.693294282279062646e+00,-1.629999999999999893e+00
1.796137161017597350e+00,1.695612490058433064e+00,-1.629999999999999893e+00
1.802833048638366131e+00,1.693893803720234681e+00,-1.629999999999999893e+00
1.810340224639537032e+00,1.696218142916504412e+00,-1.629999999999999893e+00
1.820405141340667221e+00,1.693634696533522055e+00,-1.629999999999999893e+00
1.827965137211164492e+00,1.695963383438132910e+00,-1.629999999999999893e+00
1.834689197669143734e+00,1.694237459391372491e+00,-1.629999999999999893e+00
1.842295298427577110e+00,1.696572332541799177e+00,-1.629999999999999893e+00
1.849033536915831499e+00,1.694842766085737473e+00,-1.629999999999999893e+00
1.856686065070108471e+00,1.697183857026115295e+00,-1.629999999999999893e+00
1.863438541505165302e+00,1.695450632754277542e+00,-1.629999999999999893e+00
1.871137822424145725e+00,1.697797973263486471e+00,-1.629999999999999893e+00
1.881287980627910361e+00,1.695192627854584799e+00,-1.629999999999999893e+00
1.889041527126783526e+00,1.697544404179874622e+00,-1.629999999999999893e+00
1.895822655622783959e+00,1.695803818975509580e+00,-1.629999999999999893e+00
1.903623644887795230e+00,1.698161901283804287e+00,-1.629999999999999893e+00
1.913816963741454824e+00,1.695545467533746020e+00,-1.629999999999999893e+00
1.921672975958402585e+00,1.697908026741612897e+00,-1.629999999999999893e+00
1.928483000703759664e+00,1.696160017814897669e+00,-1.629999999999999893e+00
1.936387158296290378e+00,1.698528940184752090e+00,-1.629999999999999893e+00
1.943211726301385722e+00,1.696777194935088939e+00,-1.629999999999999893e+00
1.951164369816530630e+00,1.699152513352078397e+00,-1.629999999999999893e+00
1.958003543330456786e+00,1.697397015772669882e+00,-1.629999999999999893e+00
1.966005016372940339e+00,1.699778763369930168e+00,-1.629999999999999893e+00
1.972858858045311914e+00,1.698019497350895746e+00,-1.629999999999999893e+00
1.980909507311299000e+00,1.700407707512000766e+00,-1.629999999999999893e+00
1.987778080195694796e+00,1.698644656839491285e+00,-1.629999999999999893e+00
1.995878255506982946e+00,1.701039363200931742e+00,-1.629999999999999893e+00
2.002761623064427177e+00,1.699272511556228160e+00,-1.629999999999999893e+00
2.010911677403094622e+00,1.701673748009909559e+00,-1.629999999999999893e+00
2.017809903505574098e+00,1.699903078968524106e+00,-1.629999999999999893e+00
2.026010193049075703e+00,1.702310879664307830e+00,-1.629999999999999893e+00
2.032923341983099874e+00,1.700536376695061191e+00,-1.629999999999999893e+00
2.041174226139840009e+00,1.702950776043330228e+00,-1.629999999999999893e+00
2.051566426846206159e+00,1.700283246765940115e+00,-1.629999999999999893e+00
2.059875799960532383e+00,1.702702344413087321e+00,-1.629999999999999893e+00
2.066818983738161641e+00,1.700920124937763234e+00,-1.629999999999999893e+00
2.075179712919145381e+00,1.703345882415761681e+00,-1.629999999999999893e+00
2.082138014887744415e+00,1.701559778775592058e+00,-1.629999999999999893e+00
2.090550469669504086e+00,1.703992231236840738e+00,-1.629999999999999893e+00
2.097523955809845297e+00,1.702202226464569534e+00,-1.629999999999999893e+00
2.105988509106385020e+00,1.704641409332095403e+00,-1.629999999999999893e+00
2.112977245832126094e+00,1.702847486349044592e+00,-1.629999999999999893e+00
2.121494273975353284e+00,1.705293435319219286e+00,-1.629999999999999893e+00
2.128498328136836371e+00,1.703495576934310751e+00,-1.629999999999999893e+00
2.137068210915094468e+00,1.705948327979617707e+00,-1.629999999999999893e+00
2.144087649803179563e+00,1.704146516888389362e+00,-1.629999999999999893e+00
2.152710770500295911e+00,1.706606106260204925e+00,-1.629999999999999893e+00
2.163263103402059517e+00,1.703897435493974877e+00,-1.629999999999999893e+00
2.171947614663252146e+00,1.706361904482974756e+00,-1.629999999999999893e+00
2.178998021136800300e+00,1.704552137024556657e+00,-1.629999999999999893e+00
2.187736581872052888e+00,1.707023508859276228e+00,-1.629999999999999893e+00
2.194802577602446458e+00,1.705209736097057061e+00,-1.629999999999999893e+00
2.203595582049936219e+00,1.707688047823902044e+00,-1.629999999999999893e+00
2.210677236129169110e+00,1.705870251989805020e+00,-1.629999999999999893e+00
2.219525082186120546e+00,1.708355540945081019e+00,-1.629999999999999893e+00
2.226622464166533089e+00,1.706533704152538355e+00,-1.629999999999999893e+00
2.235525553431001455e+00,1.709026007965406491e+00,-1.629999999999999893e+00
2.242638733329379797e+00,1.707200112208296039e+00,-1.629999999999999893e+00
2.251597471142606999e+00,1.709699468803784539e+00,-1.629999999999999893e+00
2.262291039360871725e+00,1.706954510618072796e+00,-1.629999999999999893e+00
2.271313810183033244e+00,1.709458909099393908e+00,-1.629999999999999893e+00
2.282031278918029038e+00,1.706707810092503497e+00,-1.629999999999999893e+00
2.291118567179208476e+00,1.709217270604601380e+00,-1.629999999999999893e+00
2.298279554246113854e+00,1.707379091629963819e+00,-1.629999999999999893e+00
2.307423801938528474e+00,1.709895701997342421e+00,-1.629999999999999893e+00
2.314600871667321424e+00,1.708053390829765483e+00,-1.629999999999999893e+00
2.323802500026165063e+00,1.710577190066596254e+00,-1.629999999999999893e+00
2.330995724818609283e+00,1.708730728086034212e+00,-1.629999999999999893e+00
2.340255159047265554e+00,1.711261755516814587e+00,-1.629999999999999893e+00
2.347464611795142542e+00,1.709411123977083280e+00,-1.629999999999999893e+00
2.356782281111199140e+00,1.711949419239864989e+00,-1.629999999999999893e+00
2.360395159605974680e+00,1.711022008881469381e+00,-1.629999999999999893e+00
2.369763303854684811e+00,1.713569717142308990e+00,-1.629999999999999893e+00
2.377005438997400688e+00,1.711710688239791223e+00,-1.629999999999999893e+00
2.386432651777762981e+00,1.714265754135052555e+00,-1.629999999999999893e+00
2.393691236562426106e+00,1.712402498659676864e+00,-1.629999999999999893e+00
2.403177959162919652e+00,1.714964962853275932e+00,-1.629999999999999893e+00
2.414090618738438110e+00,1.712163712019360684e+00,-1.629999999999999893e+00
2.423645602510379859e+00,1.714731481376939648e+00,-1.629999999999999893e+00
2.430937305875736865e+00,1.712859716353008155e+00,-1.629999999999999893e+00
2.440552732691597448e+00,1.715434956551961321e+00,-1.629999999999999893e+00
2.447861111905138110e+00,1.713558906777943536e+00,-1.629999999999999893e+00
2.457537436070326820e+00,1.716141659407736331e+00,-1.629999999999999893e+00
2.468525128865637797e+00,1.713321129276349941e+00,-1.629999999999999893e+00
2.478271229644230633e+00,1.715909272627159421e+00,-1.629999999999999893e+00
2.481942208538869821e+00,1.714966933813714789e+00,-1.629999999999999893e+00
2.491741707789087101e+00,1.717564837426471813e+00,-1.629999999999999893e+00
2.502780004622772392e+00,1.714731304775595877e+00,-1.629999999999999893e+00
2.512650288907982254e+00,1.717334663971612718e+00,-1.629999999999999893e+00
2.520026135252595889e+00,1.715441278767134703e+00,-1.629999999999999893e+00
2.529959217494043067e+00,1.718052310047936349e+00,-1.629999999999999893e+00
2.541048577530833796e+00,1.715205656778159948e+00,-1.629999999999999893e+00
2.551053511938166984e+00,1.717822199438220343e+00,-1.629999999999999893e+00
2.558463558080066758e+00,1.715920026604187187e+00,-1.629999999999999893e+00
2.568532288682814357e+00,1.718544317933208276e+00,-1.629999999999999893e+00
2.575959556995097266e+00,1.716637719837652343e+00,-1.629999999999999893e+00
2.586092570243882172e+00,1.719269803719639000e+00,-1.629999999999999893e+00
2.593537140967319576e+00,1.717358759724473938e+00,-1.629999999999999893e+00
2.603734928048070607e+00,1.719998680405447455e+00,-1.629999999999999893e+00
2.614927854315061140e+00,1.717125415579983772e+00,-1.629999999999999893e+00
2.625199649690734827e+00,1.719770972276513987e+00,-1.629999999999999893e+00
2.632679061997829972e+00,1.717850975582976059e+00,-1.629999999999999893e+00
2.643016669011671205e+00,1.720504448126612740e+00,-1.629999999999999893e+00
2.650513627816677431e+00,1.718579942752993084e+00,-1.629999999999999893e+00
2.660917552493716531e+00,1.721241376424941683e+00,-1.629999999999999893e+00
2.672189429524320925e+00,1.718347824714540284e+00,-1.629999999999999893e+00
2.682669045201730551e+00,1.721014987920737482e+00,-1.629999999999999893e+00
2.690201338845498391e+00,1.719081402979446338e+00,-1.629999999999999893e+00
2.700748341082890747e+00,1.721756608241059583e+00,-1.629999999999999893e+00
2.708298430513027100e+00,1.719818450499981166e+00,-1.629999999999999893e+00
2.718913340724518513e+00,1.722501744165679582e+00,-1.629999999999999893e+00
2.722697327067279183e+00,1.721530367646907367e+00,-1.629999999999999893e+00
2.733371682956594828e+00,1.724224106250686006e+00,-1.629999999999999893e+00
2.740957623815686084e+00,1.722276736074351167e+00,-1.629999999999999893e+00
2.751700903260712927e+00,1.724978667953853462e+00,-1.629999999999999893e+00
2.759304894606134262e+00,1.723026659464777177e+00,-1.629999999999999893e+00
2.770117634372213367e+00,1.725736832227278139e+00,-1.629999999999999893e+00
2.781550821438040000e+00,1.722801830044965676e+00,-1.629999999999999893e+00
2.792442681754447431e+00,1.725517948657610878e+00,-1.629999999999999893e+00
2.803903194043011915e+00,1.722575924826352134e+00,-1.629999999999999893e+00
2.814874809822569546e+00,1.725298015226665704e+00,-1.629999999999999893e+00
2.826362778260757214e+00,1.722348936068946346e+00,-1.629999999999999893e+00
2.837414790837293754e+00,1.725077024362894340e+00,-1.629999999999999893e+00
2.845091831749666511e+00,1.723106244586112945e+00,-1.629999999999999893e+00
2.856215638824113778e+00,1.725842734049690241e+00,-1.629999999999999893e+00
2.863911166892827875e+00,1.723867203638302481e+00,-1.629999999999999893e+00
2.875107333580716684e+00,1.726612143689365553e+00,-1.629999999999999893e+00
2.878964387472498387e+00,1.725621991262849431e+00,-1.629999999999999893e+00
2.890224144790529692e+00,1.728377831804887022e+00,-1.629999999999999893e+00
2.897956922221969212e+00,1.726392729376661661e+00,-1.629999999999999893e+00
2.909290141219227355e+00,1.729157132271260222e+00,-1.629999999999999893e+00
2.917041675548501800e+00,1.727167209822559668e+00,-1.629999999999999893e+00
2.928448938296909887e+00,1.729940225856408498e+00,-1.629999999999999893e+00
2.936219320739993144e+00,1.727945459923307059e+00,-1.629999999999999893e+00
2.947701215214690862e+00,1.730727140321481006e+00,-1.629999999999999893e+00
2.955490537654561933e+00,1.728727507268306596e+00,-1.629999999999999893e+00
2.967047657807731387e+00,1.731517903699193006e+00,-1.629999999999999893e+00
2.978760185217359968e+00,1.728511119029801479e+00,-1.629999999999999893e+00
2.990402700729893670e+00,1.731307824412420038e+00,-1.629999999999999893e+00
2.998230174706246753e+00,1.729298387264034842e+00,-1.629999999999999893e+00
3.009949169028554472e+00,1.732103901277113556e+00,-1.629999999999999893e+00
3.017795862684765851e+00,1.730089525062808775e+00,-1.629999999999999893e+00
3.029591948501215715e+00,1.732903900645671680e+00,-1.629999999999999893e+00
3.037457956454030494e+00,1.730884561025817003e+00,-1.629999999999999893e+00
3.049331752735948697e+00,1.733707851580681636e+00,-1.629999999999999893e+00
3.057217170302520159e+00,1.731683524035285027e+00,-1.629999999999999893e+00
3.069169302387758869e+00,1.734515783432550196e+00,-1.629999999999999893e+00
3.077074225592577150e+00,1.732486443259468212e+00,-1.629999999999999893e+00
3.089105325266289892e+00,1.735327725843071489e+00,-1.629999999999999893e+00
3.100992108406688263e+00,1.732276160656047281e+00,-1.629999999999999893e+00
3.113112670887327127e+00,1.735123988162798891e+00,-1.629999999999999893e+00
3.121056889295262149e+00,1.733084549690218745e+00,-1.629999999999999893e+00
3.133257751735077257e+00,1.735941497874904593e+00,-1.629999999999999893e+00
3.141221768134354164e+00,1.733896971566113443e+00,-1.629999999999999893e+00
3.153503582525580828e+00,1.736763096131371364e+00,-1.629999999999999893e+00
3.161487495840818784e+00,1.734713456537386067e+00,-1.629999999999999893e+00
3.173850920962212552e+00,1.737588813680641886e+00,-1.629999999999999893e+00
3.181854830861334804e+00,1.735534035161062194e+00,-1.629999999999999893e+00
3.194300532365317746e+00,1.738418681580262914e+00,-1.629999999999999893e+00
3.202324539267013215e+00,1.736358738301341464e+00,-1.629999999999999893e+00
3.214853189768175135e+00,1.739252731200783719e+00,-1.629999999999999893e+00
3.226919491998318179e+00,1.736155031484025724e+00,-1.629999999999999893e+00
3.239541928422683625e+00,1.739055818224975125e+00,-1.629999999999999893e+00
3.251638669971362638e+00,1.735950295775583685e+00,-1.629999999999999893e+00
3.264355681900017014e+00,1.738857908153238929e+00,-1.629999999999999893e+00
3.268398130475096863e+00,1.737820112290368257e+00,-1.629999999999999893e+00
3.281189995073082954e+00,1.740739856108498351e+00,-1.629999999999999893e+00
3.289295402154968073e+00,1.738658993392952601e+00,-1.629999999999999893e+00
3.302173029828923134e+00,1.741588304266650677e+00,-1.629999999999999893e+00
3.306236040498030437e+00,1.740545223994153901e+00,-1.629999999999999893e+00
3.563052801982393714e+00,1.855857815394800658e+00,-1.629999999999999893e+00
7.577137452742138679e-01,1.770155632979386606e+00,-1.629999999999999893e+00
7.529263142700031164e-01,1.767915638359770281e+00,-1.629999999999999893e+00
7.438513486138815800e-01,1.770244784423146811e+00,-1.629999999999999893e+00
7.390991883709042698e-01,1.768008855803993029e+00,-1.629999999999999893e+00
7.300413647113779270e-01,1.770333598791498098e+00,-1.629999999999999893e+00
7.253242431750377417e-01,1.768101721464931053e+00,-1.629999999999999893e+00
7.162834968741015329e-01,1.770422077992519272e+00,-1.629999999999999893e+00
7.116011838599884953e-01,1.768194237330166452e+00,-1.629999999999999893e+00
7.055853637261204625e-01,1.769738227874186665e+00,-1.629999999999999893e+00
7.009319751627047790e-01,1.767515862039820806e+00,-1.629999999999999893e+00
6.949274584754274731e-01,1.769056949218738461e+00,-1.629999999999999893e+00
6.903028102843453695e-01,1.766840032836824559e+00,-1.629999999999999893e+00
6.843095546460360445e-01,1.768378227549290971e+00,-1.629999999999999893e+00
6.797134642076717581e-01,1.766166735414012035e+00,-1.629999999999999893e+00
6.707404061035037168e-01,1.768469705804182945e+00,-1.629999999999999893e+00
6.661782846967947425e-01,1.766262176432631170e+00,-1.629999999999999893e+00
6.602074209545114591e-01,1.767794619679853962e+00,-1.629999999999999893e+00
6.556734755222098920e-01,1.765592470008523263e+00,-1.629999999999999893e+00
6.526936122834532394e-01,1.766357261309033033e+00,-1.629999999999999893e+00
6.481821137627472584e-01,1.764161892353954153e+00,-1.629999999999999893e+00
6.392591647900532914e-01,1.766451992032946006e+00,-1.629999999999999893e+00
6.347810380768538208e-01,1.764260527720008742e+00,-1.629999999999999893e+00
6.229058662415513092e-01,1.767308319204019318e+00,-1.629999999999999893e+00
6.184664045118849485e-01,1.765119330517551655e+00,-1.629999999999999893e+00
6.125398263236784269e-01,1.766640398908377652e+00,-1.629999999999999893e+00
6.081277952900291384e-01,1.764456702446609571e+00,-1.629999999999999893e+00
5.992543814083109988e-01,1.766734078965927823e+00,-1.629999999999999893e+00
5.948750776666771323e-01,1.764554245859142112e+00,-1.629999999999999893e+00
5.860180534898197235e-01,1.766827412683319665e+00,-1.629999999999999893e+00
5.816712655943402366e-01,1.764651429314231024e+00,-1.629999999999999893e+00
5.787243692214371071e-01,1.765407753040290073e+00,-1.629999999999999893e+00
5.743990297428973602e-01,1.763238394632842487e+00,-1.629999999999999893e+00
5.685160888626279441e-01,1.764748254800696525e+00,-1.629999999999999893e+00
5.642174783471606281e-01,1.762584098113339603e+00,-1.629999999999999893e+00
5.554092792480959107e-01,1.764844724292731648e+00,-1.629999999999999893e+00
5.511426196964720470e-01,1.762684361624430984e+00,-1.629999999999999893e+00
5.423505704960116525e-01,1.764940839750040125e+00,-1.629999999999999893e+00
5.381156567176811345e-01,1.762784257851381930e+00,-1.629999999999999893e+00
5.322650196749827423e-01,1.764285820874581079e+00,-1.629999999999999893e+00
5.280562984010321870e-01,1.762134380607802697e+00,-1.629999999999999893e+00
5.192963776630393768e-01,1.764382606668561504e+00,-1.629999999999999893e+00
5.151190161027231484e-01,1.762234915864561380e+00,-1.629999999999999893e+00
5.092897198357114741e-01,1.763730997611704598e+00,-1.629999999999999893e+00
5.051382067061567227e-01,1.761588407292771885e+00,-1.629999999999999893e+00
4.993195244315165593e-01,1.763081762898564886e+00,-1.629999999999999893e+00
4.951936993832848910e-01,1.760944250193782423e+00,-1.629999999999999893e+00
4.864815362773645679e-01,1.763180209987140090e+00,-1.629999999999999893e+00
4.823865124582519814e-01,1.761046398032294125e+00,-1.629999999999999893e+00
4.736901493213973025e-01,1.763278299718142206e+00,-1.629999999999999893e+00
4.696257306557634070e-01,1.761148175751826139e+00,-1.629999999999999893e+00
4.638386522674284862e-01,1.762633414129186615e+00,-1.629999999999999893e+00
4.597994100122959060e-01,1.760508309810834504e+00,-1.629999999999999893e+00
4.482461677160595181e-01,1.763473414862408939e+00,-1.629999999999999893e+00
4.442423772042861652e-01,1.761350628851357403e+00,-1.629999999999999893e+00
4.355930719865115375e-01,1.763570444118167657e+00,-1.629999999999999893e+00
4.316193074764427262e-01,1.761451308203945576e+00,-1.629999999999999893e+00
4.287413985779962022e-01,1.762189912897666799e+00,-1.629999999999999893e+00
4.247871143076545897e-01,1.760077074324301938e+00,-1.629999999999999893e+00
4.161689101177737382e-01,1.762288901618028536e+00,-1.629999999999999893e+00
4.122443103263928044e-01,1.760179678652527224e+00,-1.629999999999999893e+00
4.065091502333155193e-01,1.761651582339248900e+00,-1.629999999999999893e+00
4.026089067886639006e-01,1.759547283004490703e+00,-1.629999999999999893e+00
3.968840209515541173e-01,1.761016547874067584e+00,-1.629999999999999893e+00
3.930079847046332731e-01,1.758917150460554968e+00,-1.629999999999999893e+00
3.872933363776882576e-01,1.760383785957754466e+00,-1.629999999999999893e+00
3.834413593108388363e-01,1.758289268894231760e+00,-1.629999999999999893e+00
3.720324573511049060e-01,1.761217301787238343e+00,-1.629999999999999893e+00
3.682145644031928899e-01,1.759125031150158724e+00,-1.629999999999999893e+00
3.625202744425021217e-01,1.760586437883253419e+00,-1.629999999999999893e+00
3.587261118063209131e-01,1.758499014164425889e+00,-1.629999999999999893e+00
3.530419503190735941e-01,1.759957819550618252e+00,-1.629999999999999893e+00
3.492713735015579024e-01,1.757875221537123833e+00,-1.629999999999999893e+00
3.407602673483302036e-01,1.760059542151047207e+00,-1.629999999999999893e+00
3.370181648829665977e-01,1.757980456393648749e+00,-1.629999999999999893e+00
3.313541490693036606e-01,1.759434087684736303e+00,-1.629999999999999893e+00
3.276353288875252789e-01,1.757359790184489956e+00,-1.629999999999999893e+00
3.219813342307306647e-01,1.758810847711689940e+00,-1.629999999999999893e+00
3.182856551706933490e-01,1.756741317630401422e+00,-1.629999999999999893e+00
3.098196391710573150e-01,1.758914057603310432e+00,-1.629999999999999893e+00
3.061519399387643836e-01,1.756847995518572958e+00,-1.629999999999999893e+00
2.977008444838201706e-01,1.759016903422096822e+00,-1.629999999999999893e+00
2.940609509818876699e-01,1.756954297763446027e+00,-1.629999999999999893e+00
2.884368011318757530e-01,1.758397690197728513e+00,-1.629999999999999893e+00
2.848195967147550967e-01,1.756339799186066086e+00,-1.629999999999999893e+00
2.792053275740815632e-01,1.757780653954457373e+00,-1.629999999999999893e+00
2.756106754403714887e-01,1.755727457222025834e+00,-1.629999999999999893e+00
2.644018222875649804e-01,1.758604111032384454e+00,-1.629999999999999893e+00
2.608394052100102001e-01,1.756553066650134554e+00,-1.629999999999999893e+00
2.552447867476344556e-01,1.757988874546429603e+00,-1.629999999999999893e+00
2.517046170811967354e-01,1.755942492908597607e+00,-1.629999999999999893e+00
2.433273527521702118e-01,1.758092438784786493e+00,-1.629999999999999893e+00
2.398141719634728497e-01,1.756049447806435460e+00,-1.629999999999999893e+00
2.314515172562955359e-01,1.758195641526119735e+00,-1.629999999999999893e+00
2.279651587902917220e-01,1.756156030022734793e+00,-1.629999999999999893e+00
2.196170628364858268e-01,1.758298484659870153e+00,-1.629999999999999893e+00
2.161573613854963216e-01,1.756262241502003718e+00,-1.629999999999999893e+00
2.106016378970325120e-01,1.757688060102345018e+00,-1.629999999999999893e+00
2.071636049892641995e-01,1.755656413244783165e+00,-1.629999999999999893e+00
1.988444801199501510e-01,1.757791427351252489e+00,-1.629999999999999893e+00
1.954327940194494628e-01,1.755763122449279123e+00,-1.629999999999999893e+00
1.926645566698643453e-01,1.756473559960095132e+00,-1.629999999999999893e+00
1.892694735432710329e-01,1.754451046989481844e+00,-1.629999999999999893e+00
1.809791244612515837e-01,1.756578670760885252e+00,-1.629999999999999893e+00
1.776100989819498766e-01,1.754559469410430950e+00,-1.629999999999999893e+00
1.720927401509608767e-01,1.755975435015528774e+00,-1.629999999999999893e+00
1.687448547665612031e-01,1.753960756470692051e+00,-1.629999999999999893e+00
1.632370052960516182e-01,1.755374279851702246e+00,-1.629999999999999893e+00
1.599101344359616372e-01,1.753364104956938840e+00,-1.629999999999999893e+00
1.544117616029128948e-01,1.754775194523936266e+00,-1.629999999999999893e+00
1.511057806160916728e-01,1.752769504240937026e+00,-1.629999999999999893e+00
1.456168518661004607e-01,1.754178168360630341e+00,-1.629999999999999893e+00
1.423316370128798469e-01,1.752176943767390416e+00,-1.629999999999999893e+00
1.341123589311266073e-01,1.754286314903267030e+00,-1.629999999999999893e+00
1.308524804445915513e-01,1.752288331916717734e+00,-1.629999999999999893e+00
1.226472665998613043e-01,1.754394091065471617e+00,-1.629999999999999893e+00
1.194125704663346887e-01,1.752399339236233811e+00,-1.629999999999999893e+00
1.112213728094510745e-01,1.754501498746710686e+00,-1.629999999999999893e+00
1.080117061487680663e-01,1.752509967675660585e+00,-1.629999999999999893e+00
9.983447687637062029e-02,1.754608539833482750e+00,-1.629999999999999893e+00
9.664968793180495066e-02,1.752620219171428184e+00,-1.629999999999999893e+00
9.392858676074633539e-02,1.753318551092019728e+00,-1.629999999999999893e+00
9.075926604338611925e-02,1.751335808377568304e+00,-1.629999999999999893e+00
8.532631761296222139e-02,1.752730095646800823e+00,-1.629999999999999893e+00
8.217699214030432797e-02,1.750751719597053002e+00,-1.629999999999999893e+00
7.404139833584075236e-02,1.752839599011975169e+00,-1.629999999999999893e+00
7.091654883704907875e-02,1.750864390570290752e+00,-1.629999999999999893e+00
6.550200762613103689e-02,1.752253950548435357e+00,-1.629999999999999893e+00
6.239690397973660096e-02,1.750283076488984291e+00,-1.629999999999999893e+00
5.699152130642409775e-02,1.751670284405668632e+00,-1.629999999999999893e+00
5.390604793615402096e-02,1.749703726731671072e+00,-1.629999999999999893e+00
4.581166291140440633e-02,1.751781023060554610e+00,-1.629999999999999893e+00
4.275025672082154865e-02,1.749817594952208788e+00,-1.629999999999999893e+00
3.466951211925835274e-02,1.751891388214356970e+00,-1.629999999999999893e+00
3.163202855386818696e-02,1.749931079763142217e+00,-1.629999999999999893e+00
2.625393011072253008e-02,1.751311280677876336e+00,-1.629999999999999893e+00
2.323570456979210871e-02,1.749355243101277102e+00,-1.629999999999999893e+00
1.518210816146149320e-02,1.751422064322972538e+00,-1.629999999999999893e+00
1.218753443595014391e-02,1.749469122830260570e+00,-1.629999999999999893e+00
4.147441440318692073e-03,1.751532476196230537e+00,-1.629999999999999893e+00
1.176378019544309372e-03,1.749582621037955033e+00,-1.629999999999999893e+00
-4.174710249948712648e-03,1.750955885381881183e+00,-1.629999999999999893e+00
-7.126879689307146978e-03,1.749010256301997357e+00,-1.629999999999999893e+00
-1.781117193673698723e-02,1.751752192087827620e+00,-1.629999999999999893e+00
-2.073563519955546816e-02,1.749808480532936583e+00,-1.629999999999999893e+00
-2.873548829015784567e-02,1.751861499805325462e+00,-1.629999999999999893e+00
-3.163685968168442747e-02,1.749920845610101194e+00,-1.629999999999999893e+00
-3.429903449069387350e-02,1.750604044385922320e+00,-1.629999999999999893e+00
-3.718631399228194273e-02,1.748668713963577259e+00,-1.629999999999999893e+00
-4.250180582581469108e-02,1.750032836745948117e+00,-1.629999999999999893e+00
-4.537065452816688854e-02,1.748101671238315280e+00,-1.629999999999999893e+00
-5.333065442789424598e-02,1.750144455804042876e+00,-1.629999999999999893e+00
-5.617677681319786093e-02,1.748216307799995262e+00,-1.629999999999999893e+00
-6.147464743552980004e-02,1.749575905290420064e+00,-1.629999999999999893e+00
-6.430256558439248482e-02,1.747651892112558558e+00,-1.629999999999999893e+00
-6.694711590891971875e-02,1.748330564756329863e+00,-1.629999999999999893e+00
-6.976130744229899761e-02,1.746411792592781342e+00,-1.629999999999999893e+00
-8.032203296136235238e-02,1.749121995250038752e+00,-1.629999999999999893e+00
-8.310949790014676708e-02,1.747205082197276882e+00,-1.629999999999999893e+00
-9.101698306962331675e-02,1.749234380550656720e+00,-1.629999999999999893e+00
-9.378222626791633820e-02,1.747320440370220718e+00,-1.629999999999999893e+00
-9.904520265216720798e-02,1.748671076755334841e+00,-1.629999999999999893e+00
-1.017926849720304644e-01,1.746761212187398549e+00,-1.629999999999999893e+00
-1.096741717646390057e-01,1.748783833990642744e+00,-1.629999999999999893e+00
-1.123996793908976222e-01,1.746876920345329820e+00,-1.629999999999999893e+00
-1.150225291626986168e-01,1.747550020141231508e+00,-1.629999999999999893e+00
-1.177347942264919956e-01,1.745648257596652542e+00,-1.629999999999999893e+00
-1.203533441176297264e-01,1.746320253162228164e+00,-1.629999999999999893e+00
-1.230524387103246881e-01,1.744423618223492678e+00,-1.629999999999999893e+00
-1.256667027961078653e-01,1.745094513175821316e+00,-1.629999999999999893e+00
-1.283526985146710431e-01,1.743202982495754894e+00,-1.629999999999999893e+00
-1.361826799140275768e-01,1.745212377475875209e+00,-1.629999999999999893e+00
-1.388471291115764006e-01,1.743323740211582429e+00,-1.629999999999999893e+00
-1.414528665532595320e-01,1.743992445491842069e+00,-1.629999999999999893e+00
-1.389014039822919766e-01,1.740773643699077722e+00,-1.629999999999999893e+00
-1.258939743611361961e-01,1.737435576294513506e+00,-1.629999999999999893e+00
-1.233719901976360611e-01,1.734232689116125714e+00,-1.629999999999999893e+00
2.090634172242852307e-01,1.648920632648064100e+00,-1.629999999999999893e+00
2.122860057215848195e-01,1.650649208713146132e+00,-1.629999999999999893e+00
2.226911407445184288e-01,1.647978962317681706e+00,-1.629999999999999893e+00
2.259412282333692901e-01,1.649708820752798566e+00,-1.629999999999999893e+00
2.337577981409913741e-01,1.647702869774341883e+00,-1.629999999999999893e+00
2.370312884728524305e-01,1.649435103388231516e+00,-1.629999999999999893e+00
2.448606208152660224e-01,1.647425874974504545e+00,-1.629999999999999893e+00
2.481576498160991406e-01,1.649160490064377704e+00,-1.629999999999999893e+00
2.559997863369397053e-01,1.647147973488139572e+00,-1.629999999999999893e+00
2.593204907919495761e-01,1.648884976374909828e+00,-1.629999999999999893e+00
2.645571474134358891e-01,1.647541098971621931e+00,-1.629999999999999893e+00
2.678973644027458634e-01,1.649281600433494255e+00,-1.629999999999999893e+00
2.731426162731369622e-01,1.647935515727700917e+00,-1.629999999999999893e+00
2.765024562479424519e-01,1.649679529400039035e+00,-1.629999999999999893e+00
2.791293947051068369e-01,1.649005379567773710e+00,-1.629999999999999893e+00
2.825046398615209675e-01,1.650754030884600265e+00,-1.629999999999999893e+00
2.903984331100127880e-01,1.648728248589647061e+00,-1.629999999999999893e+00
2.937978535145160386e-01,1.650479327901215099e+00,-1.629999999999999893e+00
2.990690612642830093e-01,1.649126577566859764e+00,-1.629999999999999893e+00
3.024884406821733429e-01,1.650881210464761439e+00,-1.629999999999999893e+00
3.104083136934865927e-01,1.648848730703626364e+00,-1.629999999999999893e+00
3.138521377958738423e-01,1.650605808354021597e+00,-1.629999999999999893e+00
3.191407895438588826e-01,1.649248578268248000e+00,-1.629999999999999893e+00
3.226048151356407656e-01,1.651009233761246309e+00,-1.629999999999999893e+00
3.279022338083633636e-01,1.649649752255071711e+00,-1.629999999999999893e+00
3.313865761613928318e-01,1.651413999683766454e+00,-1.629999999999999893e+00
3.366927908727236352e-01,1.650052259275312849e+00,-1.629999999999999893e+00
3.401975660747218466e-01,1.651820112814165853e+00,-1.629999999999999893e+00
3.455126060837979685e-01,1.650456105984194899e+00,-1.629999999999999893e+00
3.490379310453978756e-01,1.652227579889650855e+00,-1.629999999999999893e+00
3.543618257575916197e-01,1.650861299081319622e+00,-1.629999999999999893e+00
3.579078182194535551e-01,1.652636407692425813e+00,-1.629999999999999893e+00
3.632405971873470807e-01,1.651267845311032101e+00,-1.629999999999999893e+00
3.668073757273451752e-01,1.653046603050070340e+00,-1.629999999999999893e+00
3.721490686517169300e-01,1.651675751462799990e+00,-1.629999999999999893e+00
3.757367526922027468e-01,1.653458172835916340e+00,-1.629999999999999893e+00
3.837627054036894525e-01,1.651398450751428548e+00,-1.629999999999999893e+00
3.873759053044437128e-01,1.653183397239153640e+00,-1.629999999999999893e+00
3.927355126515293393e-01,1.651807945006711353e+00,-1.629999999999999893e+00
3.963698745466948115e-01,1.653596580517873393e+00,-1.629999999999999893e+00
4.044227890873566822e-01,1.651529934286144918e+00,-1.629999999999999893e+00
4.080829553823142608e-01,1.653321112680263605e+00,-1.629999999999999893e+00
4.107717773518678173e-01,1.652631070543407965e+00,-1.629999999999999893e+00
4.144488303394535667e-01,1.654427128413813675e+00,-1.629999999999999893e+00
4.198355405919618755e-01,1.653044715780126461e+00,-1.629999999999999893e+00
4.235341244347969325e-01,1.654844507159653144e+00,-1.629999999999999893e+00
4.289299300058144748e-01,1.653459758711219640e+00,-1.629999999999999893e+00
4.326501694275781129e-01,1.655263298602855926e+00,-1.629999999999999893e+00
4.407575644779986312e-01,1.653182660972302598e+00,-1.629999999999999893e+00
4.445041668514204680e-01,1.654988787799674066e+00,-1.629999999999999893e+00
4.499182522593445643e-01,1.653599344796463422e+00,-1.629999999999999893e+00
4.536867779119905242e-01,1.655409246410995294e+00,-1.629999999999999893e+00
4.618216856889430511e-01,1.653321543054852905e+00,-1.629999999999999893e+00
4.656168750685109603e-01,1.655134050026312531e+00,-1.629999999999999893e+00
4.710493645906743687e-01,1.653739880529216943e+00,-1.629999999999999893e+00
4.748667489235121053e-01,1.655556188839851339e+00,-1.629999999999999893e+00
4.803084891479630913e-01,1.654159643594595108e+00,-1.629999999999999893e+00
4.841481978881810866e-01,1.655979768654591178e+00,-1.629999999999999893e+00
4.895992203737222215e-01,1.654580839550519045e+00,-1.629999999999999893e+00
4.934613839147974357e-01,1.656404796861588702e+00,-1.629999999999999893e+00
5.016518861320492517e-01,1.654302815826238504e+00,-1.629999999999999893e+00
5.055413120619481893e-01,1.656129420029161192e+00,-1.629999999999999893e+00
5.110109910715106007e-01,1.654725699561531149e+00,-1.629999999999999893e+00
5.149231514757810491e-01,1.656556163175301410e+00,-1.629999999999999893e+00
5.231417343412335663e-01,1.654446970457673194e+00,-1.629999999999999893e+00
5.270814709582097857e-01,1.656280100026525703e+00,-1.629999999999999893e+00
5.325699346369596743e-01,1.654871555261481886e+00,-1.629999999999999893e+00
5.365326895918790528e-01,1.656708571690415299e+00,-1.629999999999999893e+00
5.420305957515298978e-01,1.655297601889388792e+00,-1.629999999999999893e+00
5.460165044288173286e-01,1.657138521105481876e+00,-1.629999999999999893e+00
5.515238856154787150e-01,1.655725117903893429e+00,-1.629999999999999893e+00
5.555330843913490746e-01,1.657569955929829364e+00,-1.629999999999999893e+00
5.638084152485772771e-01,1.655446189065360452e+00,-1.629999999999999893e+00
5.678458151962467726e-01,1.657293736021858699e+00,-1.629999999999999893e+00
5.733722413585771172e-01,1.655875441622243871e+00,-1.629999999999999893e+00
5.774332237075802121e-01,1.657726935473010865e+00,-1.629999999999999893e+00
5.829692235395121935e-01,1.656306182320803622e+00,-1.629999999999999893e+00
5.870539277811526180e-01,1.658161639357740302e+00,-1.629999999999999893e+00
5.925995345100070200e-01,1.656738418913158650e+00,-1.629999999999999893e+00
5.967081011640400501e-01,1.658597855526671827e+00,-1.629999999999999893e+00
5.994857255341223823e-01,1.657885007146105316e+00,-1.629999999999999893e+00
6.202692873746739055e-01,1.667273848652329526e+00,-1.629999999999999893e+00
6.230712817790746705e-01,1.666554741374347337e+00,-1.629999999999999893e+00
6.357322889977266023e-01,1.672263762890826566e+00,-1.629999999999999893e+00
6.385491110666476899e-01,1.671540847420202036e+00,-1.629999999999999893e+00
6.470744930708808296e-01,1.675377999997676115e+00,-1.629999999999999893e+00
6.499012871502547473e-01,1.674652523396492843e+00,-1.629999999999999893e+00
6.628182888757050417e-01,1.680455611139574756e+00,-1.629999999999999893e+00
6.656601749590432826e-01,1.679726258404854233e+00,-1.629999999999999893e+00
6.831193950568894557e-01,1.687555593093653217e+00,-1.629999999999999893e+00
6.859816568934105074e-01,1.686821007132712325e+00,-1.629999999999999893e+00
6.903908049503234556e-01,1.688794600600439733e+00,-1.629999999999999893e+00
6.932582050904765314e-01,1.688058694929263526e+00,-1.629999999999999893e+00
7.065967387433212954e-01,1.694018259095031009e+00,-1.629999999999999893e+00
7.094796687769069354e-01,1.693278364740447461e+00,-1.629999999999999893e+00
7.139632395568458190e-01,1.695277923778366835e+00,-1.629999999999999893e+00
7.168513824362242604e-01,1.694536690553810621e+00,-1.629999999999999893e+00
7.213564406200640988e-01,1.696542154179187856e+00,-1.629999999999999893e+00
7.242498152308685100e-01,1.695799577230392874e+00,-1.629999999999999893e+00
7.287764873611122241e-01,1.697810975165569225e+00,-1.629999999999999893e+00
7.316751126917936388e-01,1.697067049611820089e+00,-1.629999999999999893e+00
7.407885188583682723e-01,1.701109127268647159e+00,-1.629999999999999893e+00
7.753303007616978437e-01,1.758709930628808760e+00,-1.629999999999999893e+00
7.741011629915924841e-01,1.762480982471102520e+00,-1.629999999999999893e+00
7.758980722276905828e-01,1.765488505992856672e+00,-1.629999999999999893e+00
7.546830169739972005e-01,1.770933489310004605e+00,-1.629999999999999893e+00
7.499013277506166864e-01,1.768692019859202214e+00,-1.629999999999999893e+00
7.347763646638446611e-01,1.772573935181769977e+00,-1.629999999999999893e+00
7.300413647113779270e-01,1.770333598791498098e+00,-1.629999999999999893e+00
7.209835228270113916e-01,1.772658346456511991e+00,-1.629999999999999893e+00
7.162834968741015329e-01,1.770422077992519272e+00,-1.629999999999999893e+00
7.132699107390906290e-01,1.771195531203909157e+00,-1.629999999999999893e+00
7.085932747979338808e-01,1.768966232344268530e+00,-1.629999999999999893e+00
7.025774506445473522e-01,1.770510223919918857e+00,-1.629999999999999893e+00
6.979297178201711027e-01,1.768286405372342163e+00,-1.629999999999999893e+00
6.889229337793004726e-01,1.770598038453163880e+00,-1.629999999999999893e+00
6.843095546460360445e-01,1.768378227549290971e+00,-1.629999999999999893e+00
6.753196562282645088e-01,1.770685523457615762e+00,-1.629999999999999893e+00
6.707404061035037168e-01,1.768469705804182945e+00,-1.629999999999999893e+00
6.647583574311662913e-01,1.770005021947801183e+00,-1.629999999999999893e+00
6.602074209545114591e-01,1.767794619679853962e+00,-1.629999999999999893e+00
6.542365492929299586e-01,1.769327064959593354e+00,-1.629999999999999893e+00
6.497137470722540442e-01,1.767122053115775637e+00,-1.629999999999999893e+00
6.437540107325195882e-01,1.768651638247964675e+00,-1.629999999999999893e+00
6.392591647900532914e-01,1.766451992032946006e+00,-1.629999999999999893e+00
6.362848445356131810e-01,1.767215359601308489e+00,-1.629999999999999893e+00
6.318122480547390118e-01,1.765022474837297572e+00,-1.629999999999999893e+00
6.229058662415513092e-01,1.767308319204019318e+00,-1.629999999999999893e+00
6.184664045118849485e-01,1.765119330517551655e+00,-1.629999999999999893e+00
6.066132403332542555e-01,1.768161469301658961e+00,-1.629999999999999893e+00
6.022121879788874255e-01,1.765974952960727595e+00,-1.629999999999999893e+00
5.962965728943956378e-01,1.767493205469888862e+00,-1.629999999999999893e+00
5.919227382105526347e-01,1.765311967636949309e+00,-1.629999999999999893e+00
5.889703968182671279e-01,1.766069689911675455e+00,-1.629999999999999893e+00
5.846181600382197585e-01,1.763895106083258391e+00,-1.629999999999999893e+00
5.787243692214371071e-01,1.765407753040290073e+00,-1.629999999999999893e+00
5.743990297428973602e-01,1.763238394632842487e+00,-1.629999999999999893e+00
5.655746155396035313e-01,1.765503185624519356e+00,-1.629999999999999893e+00
5.612814138956725429e-01,1.763337639681686220e+00,-1.629999999999999893e+00
5.524732090520031447e-01,1.765598267335432237e+00,-1.629999999999999893e+00
5.482119385375010534e-01,1.763436520509984673e+00,-1.629999999999999893e+00
5.394198836134901365e-01,1.765693000104542332e+00,-1.629999999999999893e+00
5.351903391467665028e-01,1.763535039119052517e+00,-1.629999999999999893e+00
5.293396983023285207e-01,1.765036603117967173e+00,-1.629999999999999893e+00
5.251363267156271553e-01,1.762883788808647934e+00,-1.629999999999999893e+00
5.192963776630393768e-01,1.764382606668561504e+00,-1.629999999999999893e+00
5.151190161027231484e-01,1.762234915864561380e+00,-1.629999999999999893e+00
5.063750688716713855e-01,1.764479039211728661e+00,-1.629999999999999893e+00
5.022288665089139625e-01,1.762335084854398604e+00,-1.629999999999999893e+00
4.935008346362526610e-01,1.764575120434514144e+00,-1.629999999999999893e+00
4.893855925193296152e-01,1.762434889575235974e+00,-1.629999999999999893e+00
4.806734181734496625e-01,1.764670852253306998e+00,-1.629999999999999893e+00
4.765889389002163079e-01,1.762534332010484261e+00,-1.629999999999999893e+00
4.707913578760424822e-01,1.764022267904841401e+00,-1.629999999999999893e+00
4.667321923914850013e-01,1.761890794701852947e+00,-1.629999999999999893e+00
4.580515664399726905e-01,1.764118654415778975e+00,-1.629999999999999893e+00
4.540227925702989276e-01,1.761990861385456464e+00,-1.629999999999999893e+00
4.453578525093445650e-01,1.764214692314260091e+00,-1.629999999999999893e+00
4.413592773114075607e-01,1.762090566799760616e+00,-1.629999999999999893e+00
4.355930719865115375e-01,1.763570444118167657e+00,-1.629999999999999893e+00
4.316193074764427262e-01,1.761451308203945576e+00,-1.629999999999999893e+00
4.229855752618998377e-01,1.763667123701592399e+00,-1.629999999999999893e+00
4.190416466808563611e-01,1.761551625382989039e+00,-1.629999999999999893e+00
4.132961717215675734e-01,1.763026178323530813e+00,-1.629999999999999893e+00
4.093767311931272301e-01,1.760915630261500997e+00,-1.629999999999999893e+00
4.036415674469555626e-01,1.762387534885772489e+00,-1.629999999999999893e+00
3.997464647801117210e-01,1.760281915205731851e+00,-1.629999999999999893e+00
3.940215753029885359e-01,1.761751181009499678e+00,-1.629999999999999893e+00
3.901506614479112733e-01,1.759650467976441757e+00,-1.629999999999999893e+00
3.815786807967332939e-01,1.761850423316658087e+00,-1.629999999999999893e+00
3.777369119450360579e-01,1.759753284413204888e+00,-1.629999999999999893e+00
3.720324573511049060e-01,1.761217301787238343e+00,-1.629999999999999893e+00
3.682145644031928899e-01,1.759125031150158724e+00,-1.629999999999999893e+00
3.625202744425021217e-01,1.760586437883253419e+00,-1.629999999999999893e+00
3.587261118063209131e-01,1.758499014164425889e+00,-1.629999999999999893e+00
3.501998668841542761e-01,1.760687222934418594e+00,-1.629999999999999893e+00
3.464343399049780725e-01,1.758603327949596284e+00,-1.629999999999999893e+00
3.407602673483302036e-01,1.760059542151047207e+00,-1.629999999999999893e+00
3.370181648829665977e-01,1.757980456393648749e+00,-1.629999999999999893e+00
3.313541490693036606e-01,1.759434087684736303e+00,-1.629999999999999893e+00
3.276353288875252789e-01,1.757359790184489956e+00,-1.629999999999999893e+00
3.219813342307306647e-01,1.758810847711689940e+00,-1.629999999999999893e+00
3.182856551706933490e-01,1.756741317630401422e+00,-1.629999999999999893e+00
3.098196391710573150e-01,1.758914057603310432e+00,-1.629999999999999893e+00
3.061519399387643836e-01,1.756847995518572958e+00,-1.629999999999999893e+00
2.948838091401062567e-01,1.759739873628037410e+00,-1.629999999999999893e+00
2.912488769351310736e-01,1.757675993755192012e+00,-1.629999999999999893e+00
2.828126442558634435e-01,1.759841084435177505e+00,-1.629999999999999893e+00
2.792053275740815632e-01,1.757780653954457373e+00,-1.629999999999999893e+00
2.763981903782471994e-01,1.758501082012465133e+00,-1.629999999999999893e+00
2.728084647684630437e-01,1.756446620003167203e+00,-1.629999999999999893e+00
2.644018222875649804e-01,1.758604111032384454e+00,-1.629999999999999893e+00
2.608394052100102001e-01,1.756553066650134554e+00,-1.629999999999999893e+00
2.524474749093038040e-01,1.758706779163675904e+00,-1.629999999999999893e+00
2.489121973702113355e-01,1.756659141089485843e+00,-1.629999999999999893e+00
2.405349278451114070e-01,1.758809088299198686e+00,-1.629999999999999893e+00
2.370266221203986834e-01,1.756764845270039954e+00,-1.629999999999999893e+00
2.286639622352628909e-01,1.758911040318596131e+00,-1.629999999999999893e+00
2.251824618590012594e-01,1.756870181127031527e+00,-1.629999999999999893e+00
2.168343607452565269e-01,1.759012637088413378e+00,-1.629999999999999893e+00
2.133795004982660948e-01,1.756975150582233081e+00,-1.629999999999999893e+00
2.106016378970325120e-01,1.757688060102345018e+00,-1.629999999999999893e+00
2.071636049892641995e-01,1.755656413244783165e+00,-1.629999999999999893e+00
1.988444801199501510e-01,1.757791427351252489e+00,-1.629999999999999893e+00
1.954327940194494628e-01,1.755763122449279123e+00,-1.629999999999999893e+00
1.898963176181345802e-01,1.757183997907749484e+00,-1.629999999999999893e+00
1.865060255455225635e-01,1.755160254477957871e+00,-1.629999999999999893e+00
1.809791244612515837e-01,1.756578670760885252e+00,-1.629999999999999893e+00
1.776100989819498766e-01,1.754559469410430950e+00,-1.629999999999999893e+00
1.693340581998570293e-01,1.756683418468811819e+00,-1.629999999999999893e+00
1.659909308735974531e-01,1.754667517945033062e+00,-1.629999999999999893e+00
1.604830780339229490e-01,1.756081042190698938e+00,-1.629999999999999893e+00
1.571609488588314452e-01,1.754069649525017205e+00,-1.629999999999999893e+00
1.516625726682044595e-01,1.755480739953696245e+00,-1.629999999999999893e+00
1.483613170776085233e-01,1.753473836086103077e+00,-1.629999999999999893e+00
1.428723849815661529e-01,1.754882501064519262e+00,-1.629999999999999893e+00
1.395918793195862206e-01,1.752880067051461044e+00,-1.629999999999999893e+00
1.313725962359576505e-01,1.754989439471003720e+00,-1.629999999999999893e+00
1.281174108246025956e-01,1.752990251206544947e+00,-1.629999999999999893e+00
1.199121919951060267e-01,1.755096011634572406e+00,-1.629999999999999893e+00
1.166821729032872512e-01,1.753100058648092041e+00,-1.629999999999999893e+00
1.112213728094510745e-01,1.754501498746710686e+00,-1.629999999999999893e+00
1.080117061487680663e-01,1.752509967675660585e+00,-1.629999999999999893e+00
1.025602216174396619e-01,1.753909015357355994e+00,-1.629999999999999893e+00
9.937078745821309456e-02,1.751921887672913014e+00,-1.629999999999999893e+00
9.392858676074633539e-02,1.753318551092019728e+00,-1.629999999999999893e+00
9.075926604338611925e-02,1.751335808377568304e+00,-1.629999999999999893e+00
8.260984093915646476e-02,1.753427239912378477e+00,-1.629999999999999893e+00
7.946512917231851603e-02,1.751447678982812617e+00,-1.629999999999999893e+00
7.132953046734608060e-02,1.753535559655377885e+00,-1.629999999999999893e+00
6.820927904557498589e-02,1.751559170350466710e+00,-1.629999999999999893e+00
6.008745990332464010e-02,1.753643512197757159e+00,-1.629999999999999893e+00
5.699152130642409775e-02,1.751670284405668632e+00,-1.629999999999999893e+00
5.158613214323924667e-02,1.753057493987879578e+00,-1.629999999999999893e+00
4.850979286997853662e-02,1.751088590535951450e+00,-1.629999999999999893e+00
4.311353133583688269e-02,1.752473456000134266e+00,-1.629999999999999893e+00
4.005667679851067364e-02,1.750508858959347824e+00,-1.629999999999999893e+00
3.197592736231397864e-02,1.752582653462227746e+00,-1.629999999999999893e+00
2.894298013535649694e-02,1.750621180014417355e+00,-1.629999999999999893e+00
2.087582524307927609e-02,1.752691483241351822e+00,-1.629999999999999893e+00
1.786664189830173416e-02,1.750733123504940369e+00,-1.629999999999999893e+00
9.813035885582337831e-03,1.752799947191442165e+00,-1.629999999999999893e+00
6.827474034227149803e-03,1.750844691331484348e+00,-1.629999999999999893e+00
1.467407251043101888e-03,1.752220261470401219e+00,-1.629999999999999893e+00
-1.499165320189898253e-03,1.750269253005892756e+00,-1.629999999999999893e+00
-9.525804879549253437e-03,1.752329151358018366e+00,-1.629999999999999893e+00
-1.246902264359423321e-02,1.750381223381534568e+00,-1.629999999999999893e+00
-1.781117193673698723e-02,1.751752192087827620e+00,-1.629999999999999893e+00
-2.073563519955546816e-02,1.749808480532936583e+00,-1.629999999999999893e+00
-2.873548829015784567e-02,1.751861499805325462e+00,-1.629999999999999893e+00
-3.163685968168442747e-02,1.749920845610101194e+00,-1.629999999999999893e+00
-3.696121087387418958e-02,1.751287243565726515e+00,-1.629999999999999893e+00
-3.984405912458048593e-02,1.749350775153442950e+00,-1.629999999999999893e+00
-4.515955409598427367e-02,1.750714898741090320e+00,-1.629999999999999893e+00
-4.802398626434824930e-02,1.748782599025589635e+00,-1.629999999999999893e+00
-5.598399085526147706e-02,1.750825384795222428e+00,-1.629999999999999893e+00
-5.882571134509061161e-02,1.748896106345222190e+00,-1.629999999999999893e+00
-6.412358508451707073e-02,1.750255704635589771e+00,-1.629999999999999893e+00
-6.694711590891971875e-02,1.748330564756329863e+00,-1.629999999999999893e+00
-7.223622121814722574e-02,1.749687911239816041e+00,-1.629999999999999893e+00
-7.504166710531115503e-02,1.747766893126749155e+00,-1.629999999999999893e+00
-8.032203296136235238e-02,1.749121995250038752e+00,-1.629999999999999893e+00
-8.310949790014676708e-02,1.747205082197276882e+00,-1.629999999999999893e+00
-8.838115313664077211e-02,1.748557947370176002e+00,-1.629999999999999893e+00
-9.115074038290570113e-02,1.746645122769738823e+00,-1.629999999999999893e+00
-9.904520265216720798e-02,1.748671076755334841e+00,-1.629999999999999893e+00
-1.017926849720304644e-01,1.746761212187398549e+00,-1.629999999999999893e+00
-1.070470079674133157e-01,1.748109626329475974e+00,-1.629999999999999893e+00
-1.097768311470885272e-01,1.746203820941554907e+00,-1.629999999999999893e+00
-1.123996793908976222e-01,1.746876920345329820e+00,-1.629999999999999893e+00
-1.151162458583394471e-01,1.744976262421918278e+00,-1.629999999999999893e+00
-1.203533441176297264e-01,1.746320253162228164e+00,-1.629999999999999893e+00
-1.230524387103246881e-01,1.744423618223492678e+00,-1.629999999999999893e+00
-1.282809683998953898e-01,1.745765408517713224e+00,-1.629999999999999893e+00
-1.309626908014095703e-01,1.743872780434171155e+00,-1.629999999999999893e+00
-1.361826799140275768e-01,1.745212377475875209e+00,-1.629999999999999893e+00
-1.388471291115764006e-01,1.743323740211582429e+00,-1.629999999999999893e+00
-1.362413931780077636e-01,1.742655035318347201e+00,-1.629999999999999893e+00
-1.336984276242317304e-01,1.739438415579964259e+00,-1.629999999999999893e+00
-1.232924929464979114e-01,1.736767963970887507e+00,-1.629999999999999893e+00
-1.207747434382298868e-01,1.733566164259708886e+00,-1.629999999999999893e+00
1.545249164273810594e-01,1.662916709948469185e+00,-1.629999999999999893e+00
1.576586523047895372e-01,1.664668103540887456e+00,-1.629999999999999893e+00
1.654626005179330728e-01,1.662665393865269792e+00,-1.629999999999999893e+00
1.675103336862389658e-01,1.659584295212505500e+00,-1.629999999999999893e+00
1.908839903681304184e-01,1.653585972909310531e+00,-1.629999999999999893e+00
1.940769615648806623e-01,1.655322154755376252e+00,-1.629999999999999893e+00
2.148872917318548348e-01,1.649981646535703339e+00,-1.629999999999999893e+00
2.181246447543658817e-01,1.651714775214053743e+00,-1.629999999999999893e+00
2.311522763463796371e-01,1.648371519713517364e+00,-1.629999999999999893e+00
2.344215079996604389e-01,1.650104846969292716e+00,-1.629999999999999893e+00
2.396410674331830859e-01,1.648765360195412866e+00,-1.629999999999999893e+00
2.429295512131307289e-01,1.650502169729443080e+00,-1.629999999999999893e+00
2.533857423478056425e-01,1.647818811957371565e+00,-1.629999999999999893e+00
2.567021601970162492e-01,1.649556915662742762e+00,-1.629999999999999893e+00
2.645571474134358891e-01,1.647541098971621931e+00,-1.629999999999999893e+00
2.678973644027458634e-01,1.649281600433494255e+00,-1.629999999999999893e+00
2.757652399166379276e-01,1.647262473962920026e+00,-1.629999999999999893e+00
2.791293947051068369e-01,1.649005379567773710e+00,-1.629999999999999893e+00
2.817563316294454112e-01,1.648331230128876168e+00,-1.629999999999999893e+00
2.851359058155658044e-01,1.650078769724950600e+00,-1.629999999999999893e+00
2.903984331100127880e-01,1.648728248589647061e+00,-1.629999999999999893e+00
2.937978535145160386e-01,1.650479327901215099e+00,-1.629999999999999893e+00
2.990690612642830093e-01,1.649126577566859764e+00,-1.629999999999999893e+00
3.024884406821733429e-01,1.650881210464761439e+00,-1.629999999999999893e+00
3.077683575711120390e-01,1.649526223560057625e+00,-1.629999999999999893e+00
3.112078095920913223e-01,1.651284423994805239e+00,-1.629999999999999893e+00
3.191407895438588826e-01,1.649248578268248000e+00,-1.629999999999999893e+00
3.226048151356407656e-01,1.651009233761246309e+00,-1.629999999999999893e+00
3.279022338083633636e-01,1.649649752255071711e+00,-1.629999999999999893e+00
3.313865761613928318e-01,1.651413999683766454e+00,-1.629999999999999893e+00
3.366927908727236352e-01,1.650052259275312849e+00,-1.629999999999999893e+00
3.401975660747218466e-01,1.651820112814165853e+00,-1.629999999999999893e+00
3.428550868636276450e-01,1.651138109197886727e+00,-1.629999999999999893e+00
3.463759813283481814e-01,1.652910720899712249e+00,-1.629999999999999893e+00
3.543618257575916197e-01,1.650861299081319622e+00,-1.629999999999999893e+00
3.579078182194535551e-01,1.652636407692425813e+00,-1.629999999999999893e+00
3.632405971873470807e-01,1.651267845311032101e+00,-1.629999999999999893e+00
3.668073757273451752e-01,1.653046603050070340e+00,-1.629999999999999893e+00
3.721490686517169300e-01,1.651675751462799990e+00,-1.629999999999999893e+00
3.757367526922027468e-01,1.653458172835916340e+00,-1.629999999999999893e+00
3.837627054036894525e-01,1.651398450751428548e+00,-1.629999999999999893e+00
3.873759053044437128e-01,1.653183397239153640e+00,-1.629999999999999893e+00
3.927355126515293393e-01,1.651807945006711353e+00,-1.629999999999999893e+00
3.963698745466948115e-01,1.653596580517873393e+00,-1.629999999999999893e+00
4.017384858409956405e-01,1.652218815952639863e+00,-1.629999999999999893e+00
4.053941318068395860e-01,1.654011155229253793e+00,-1.629999999999999893e+00
4.080829553823142608e-01,1.653321112680263605e+00,-1.629999999999999893e+00
4.117554727961874605e-01,1.655118335350944436e+00,-1.629999999999999893e+00
4.198355405919618755e-01,1.653044715780126461e+00,-1.629999999999999893e+00
4.235341244347969325e-01,1.654844507159653144e+00,-1.629999999999999893e+00
4.316278303661427729e-01,1.652767385109387144e+00,-1.629999999999999893e+00
4.353526360666478134e-01,1.654569752309676289e+00,-1.629999999999999893e+00
4.380551010834541348e-01,1.653876206432825180e+00,-1.629999999999999893e+00
4.417971217058093147e-01,1.655683509927892150e+00,-1.629999999999999893e+00
4.472112103692650331e-01,1.654294066089198045e+00,-1.629999999999999893e+00
4.509751387197462602e-01,1.656105148368032465e+00,-1.629999999999999893e+00
4.618216856889430511e-01,1.653321543054852905e+00,-1.629999999999999893e+00
4.656168750685109603e-01,1.655134050026312531e+00,-1.629999999999999893e+00
4.737656068934758546e-01,1.653042796411551496e+00,-1.629999999999999893e+00
4.775876198579585563e-01,1.654857916006212237e+00,-1.629999999999999893e+00
4.857502227946510209e-01,1.652763100037428989e+00,-1.629999999999999893e+00
4.895992203737222215e-01,1.654580839550519045e+00,-1.629999999999999893e+00
4.950502362590344929e-01,1.653181912140305077e+00,-1.629999999999999893e+00
4.989217203820017765e-01,1.655003475746441577e+00,-1.629999999999999893e+00
5.043820502263953731e-01,1.653602156330949535e+00,-1.629999999999999893e+00
5.082761523974175244e-01,1.655427559582161479e+00,-1.629999999999999893e+00
5.137458280842277514e-01,1.654023839967271314e+00,-1.629999999999999893e+00
5.176626807646784734e-01,1.655853098508257570e+00,-1.629999999999999893e+00
5.231417343412335663e-01,1.654446970457673194e+00,-1.629999999999999893e+00
5.270814709582097857e-01,1.656280100026525703e+00,-1.629999999999999893e+00
5.325699346369596743e-01,1.654871555261481886e+00,-1.629999999999999893e+00
5.365326895918790528e-01,1.656708571690415299e+00,-1.629999999999999893e+00
5.420305957515298978e-01,1.655297601889388792e+00,-1.629999999999999893e+00
5.460165044288173286e-01,1.657138521105481876e+00,-1.629999999999999893e+00
5.515238856154787150e-01,1.655725117903893429e+00,-1.629999999999999893e+00
5.555330843913490746e-01,1.657569955929829364e+00,-1.629999999999999893e+00
5.638084152485772771e-01,1.655446189065360452e+00,-1.629999999999999893e+00
5.678458151962467726e-01,1.657293736021858699e+00,-1.629999999999999893e+00
5.706090291254320990e-01,1.656584588604416597e+00,-1.629999999999999893e+00
5.746652212387270975e-01,1.658437312704284627e+00,-1.629999999999999893e+00
5.802012244745080594e-01,1.657016558678517271e+00,-1.629999999999999893e+00
5.842811218549671670e-01,1.658873250237479224e+00,-1.629999999999999893e+00
5.870539277811526180e-01,1.658161639357740302e+00,-1.629999999999999893e+00
5.911528472825230418e-01,1.660023553607277602e+00,-1.629999999999999893e+00
5.967081011640400501e-01,1.658597855526671827e+00,-1.629999999999999893e+00
6.008309910362742423e-01,1.660463774477843657e+00,-1.629999999999999893e+00
6.036134557851766669e-01,1.659749682960815376e+00,-1.629999999999999893e+00
6.371606646698405596e-01,1.674904420614095946e+00,-1.629999999999999893e+00
6.399824665870534890e-01,1.674180226161661400e+00,-1.629999999999999893e+00
6.442476972165016580e-01,1.676103477054401658e+00,-1.629999999999999893e+00
6.470744930708808296e-01,1.675377999997676115e+00,-1.629999999999999893e+00
6.556604791378430885e-01,1.679242429597504582e+00,-1.629999999999999893e+00
6.584973178712376640e-01,1.678514373195413523e+00,-1.629999999999999893e+00
6.715065523189663876e-01,1.684358897379516051e+00,-1.629999999999999893e+00
6.743585907902728271e-01,1.683626937153583025e+00,-1.629999999999999893e+00
6.875234029837944405e-01,1.689530506740346771e+00,-1.629999999999999893e+00
6.903908049503234556e-01,1.688794600600439733e+00,-1.629999999999999893e+00
6.992567937998765970e-01,1.692763135440403577e+00,-1.629999999999999893e+00
7.021345297712258127e-01,1.692024575127783592e+00,-1.629999999999999893e+00
7.110750948245670999e-01,1.696019157478463990e+00,-1.629999999999999893e+00
7.139632395568458190e-01,1.695277923778366835e+00,-1.629999999999999893e+00
7.184630641496388970e-01,1.697284731605250174e+00,-1.629999999999999893e+00
7.213564406200640988e-01,1.696542154179187856e+00,-1.629999999999999893e+00
7.258778601640530903e-01,1.698554901198320088e+00,-1.629999999999999893e+00
7.287764873611122241e-01,1.697810975165569225e+00,-1.629999999999999893e+00
7.333196292504389202e-01,1.699829691333315296e+00,-1.629999999999999893e+00
7.362235262661844803e-01,1.699084411786512261e+00,-1.629999999999999893e+00
7.378793309475586426e-01,1.701855765746201454e+00,-1.629999999999999893e+00
7.424556831588383643e-01,1.703889238709023868e+00,-1.629999999999999893e+00
7.542985331518794467e-01,1.723638007767381852e+00,-1.629999999999999893e+00
7.530577462550404055e-01,1.727260188041517708e+00,-1.629999999999999893e+00
7.669811301432524209e-01,1.750564038734124361e+00,-1.629999999999999893e+00
7.717589430549642859e-01,1.752754445368376324e+00,-1.629999999999999893e+00
7.771261332498269336e-01,1.761704605145196556e+00,-1.629999999999999893e+00
7.741011629915924841e-01,1.762480982471102520e+00,-1.629999999999999893e+00
7.728673561696987049e-01,1.766266359181427159e+00,-1.629999999999999893e+00
3.554327062884167443e+00,1.858098114757817942e+00,-1.629999999999999893e+00
3.539813715925662407e+00,1.854635439939984698e+00,-1.629999999999999893e+00
3.526760741917373654e+00,1.857986729504971457e+00,-1.629999999999999893e+00
3.512361796155794025e+00,1.854533768191486631e+00,-1.629999999999999893e+00
3.499344257002481751e+00,1.857875949683896133e+00,-1.629999999999999893e+00
3.485058685972345138e+00,1.854432647578611038e+00,-1.629999999999999893e+00
3.476403826022153698e+00,1.856654728372371332e+00,-1.629999999999999893e+00
3.462218918214314378e+00,1.853224038068323587e+00,-1.629999999999999893e+00
3.453587434966901792e+00,1.855440110258499420e+00,-1.629999999999999893e+00
3.439502313000093014e+00,1.852021945936992653e+00,-1.629999999999999893e+00
3.426589958098179789e+00,1.855337091513276526e+00,-1.629999999999999893e+00
3.412615325508085107e+00,1.851928394055623039e+00,-1.629999999999999893e+00
3.395445079458555782e+00,1.856336706352551325e+00,-1.629999999999999893e+00
3.381591463475453807e+00,1.852934465313510248e+00,-1.629999999999999893e+00
3.373029334309749494e+00,1.855132711367574849e+00,-1.629999999999999893e+00
3.359272745627258416e+00,1.851742791309815006e+00,-1.629999999999999893e+00
3.350733495580369148e+00,1.853935156798773409e+00,-1.629999999999999893e+00
3.337073096604802558e+00,1.850557474805025970e+00,-1.629999999999999893e+00
3.328556603730747021e+00,1.852743991107333565e+00,-1.629999999999999893e+00
3.314991566106979981e+00,1.849378465059259735e+00,-1.629999999999999893e+00
3.306497709432144383e+00,1.851559163302888500e+00,-1.629999999999999893e+00
3.293027213918459761e+00,1.848205711871147905e+00,-1.629999999999999893e+00
3.284555873431286077e+00,1.850380622936245611e+00,-1.629999999999999893e+00
3.271179109776233052e+00,1.847039165570710351e+00,-1.629999999999999893e+00
3.258505688789419708e+00,1.850292898880067982e+00,-1.629999999999999893e+00
3.245233003036010366e+00,1.846960490691141432e+00,-1.629999999999999893e+00
3.232592988762376329e+00,1.850205637803644221e+00,-1.629999999999999893e+00
3.219423471029583705e+00,1.846882229939243780e+00,-1.629999999999999893e+00
3.211018952809877813e+00,1.849039966340003227e+00,-1.629999999999999893e+00
3.197940672574368204e+00,1.845728345407114057e+00,-1.629999999999999893e+00
3.185366957854235181e+00,1.848956452353352597e+00,-1.629999999999999893e+00
3.172390113488015029e+00,1.845653720374283546e+00,-1.629999999999999893e+00
3.164029563436482562e+00,1.847800156237891622e+00,-1.629999999999999893e+00
3.151142358557115664e+00,1.844509071132534039e+00,-1.629999999999999893e+00
3.142803624388113892e+00,1.846649900007533818e+00,-1.629999999999999893e+00
3.130005301549358077e+00,1.843370385358182206e+00,-1.629999999999999893e+00
3.117529748022564995e+00,1.846573263493269224e+00,-1.629999999999999893e+00
3.104830360448629811e+00,1.843302467239128051e+00,-1.629999999999999893e+00
3.092387179967617694e+00,1.846497025137604719e+00,-1.629999999999999893e+00
3.079785874583636840e+00,1.843234901068236065e+00,-1.629999999999999893e+00
3.071511895045697216e+00,1.845359087276915222e+00,-1.629999999999999893e+00
3.058997136929945793e+00,1.842108337246821437e+00,-1.629999999999999893e+00
3.050744524399957136e+00,1.844227031958237673e+00,-1.629999999999999893e+00
3.038315588992855254e+00,1.840987582150243718e+00,-1.629999999999999893e+00
3.030084233397374316e+00,1.843100813684684480e+00,-1.629999999999999893e+00
3.017740403875804667e+00,1.839872590968099297e+00,-1.629999999999999893e+00
3.009530195989781554e+00,1.841980387427337496e+00,-1.629999999999999893e+00
2.997270763165689633e+00,1.838763319349711267e+00,-1.629999999999999893e+00
2.989081594603764547e+00,1.840865708619247920e+00,-1.629999999999999893e+00
2.976905856824343388e+00,1.837659723398247458e+00,-1.629999999999999893e+00
2.968737620032266822e+00,1.839756733149528367e+00,-1.629999999999999893e+00
2.956644883081680497e+00,1.836561759664933291e+00,-1.629999999999999893e+00
2.940350044824993958e+00,1.840745078836593107e+00,-1.629999999999999893e+00
2.928360355697504414e+00,1.837555718027126916e+00,-1.629999999999999893e+00
2.920233648390491599e+00,1.839642054678110039e+00,-1.629999999999999893e+00
2.908325488399302827e+00,1.836463592381044840e+00,-1.629999999999999893e+00
2.896166343089755735e+00,1.839585152084578068e+00,-1.629999999999999893e+00
2.884349302729383169e+00,1.836414881567494550e+00,-1.629999999999999893e+00
2.876263712013172213e+00,1.838490651348679394e+00,-1.629999999999999893e+00
2.864526812678880763e+00,1.835331154530796427e+00,-1.629999999999999893e+00
2.852429030608111926e+00,1.838436944107059157e+00,-1.629999999999999893e+00
2.840781774007814953e+00,1.835285541961426015e+00,-1.629999999999999893e+00
2.836759331763055059e+00,1.836318196205005915e+00,-1.629999999999999893e+00
2.825180749510373790e+00,1.833180042721197056e+00,-1.629999999999999893e+00
2.813143725159299002e+00,1.836270217955837891e+00,-1.629999999999999893e+00
2.801653389936412442e+00,1.833140050692467105e+00,-1.629999999999999893e+00
2.789646505487515693e+00,1.836222480225486064e+00,-1.629999999999999893e+00
2.778243679854873083e+00,1.833100258645461000e+00,-1.629999999999999893e+00
2.770259086658711123e+00,1.835150072779273556e+00,-1.629999999999999893e+00
2.758933083685473076e+00,1.832038315546746121e+00,-1.629999999999999893e+00
2.746986039058874951e+00,1.835105366871955468e+00,-1.629999999999999893e+00
2.735746143390818563e+00,1.832001462436613659e+00,-1.629999999999999893e+00
2.727801244836675298e+00,1.834041075516217756e+00,-1.629999999999999893e+00
2.716636882980834500e+00,1.830947517869102370e+00,-1.629999999999999893e+00
2.704749084676413506e+00,1.833999343668198945e+00,-1.629999999999999893e+00
2.693669456524798278e+00,1.830913547515983009e+00,-1.629999999999999893e+00
2.681811056364078905e+00,1.833957818435649534e+00,-1.629999999999999893e+00
2.670815461447610506e+00,1.830879744935426823e+00,-1.629999999999999893e+00
2.658986314388101402e+00,1.833916498287923025e+00,-1.629999999999999893e+00
2.648074059497995680e+00,1.830846108887604240e+00,-1.629999999999999893e+00
2.640207370982052826e+00,1.832865623219725570e+00,-1.629999999999999893e+00
2.629368104393478234e+00,1.829805363549527275e+00,-1.629999999999999893e+00
2.621520733513747814e+00,1.831819913618323969e+00,-1.629999999999999893e+00
2.610753870956215916e+00,1.828769721340217647e+00,-1.629999999999999893e+00
2.602925723071433772e+00,1.830779331491623196e+00,-1.629999999999999893e+00
2.592230686222247726e+00,1.827739144817902117e+00,-1.629999999999999893e+00
2.584421667384948496e+00,1.829743839219187151e+00,-1.629999999999999893e+00
2.573797883794950891e+00,1.826713596906196502e+00,-1.629999999999999893e+00
2.569902893955166689e+00,1.827713497794308584e+00,-1.629999999999999893e+00
2.559340318655319191e+00,1.824695574832836398e+00,-1.629999999999999893e+00
2.551569285520644659e+00,1.826690507807575692e+00,-1.629999999999999893e+00
2.541076881896503714e+00,1.823682396497779745e+00,-1.629999999999999893e+00
2.525572504811294472e+00,1.827662577285790180e+00,-1.629999999999999893e+00
2.515168490647286870e+00,1.824659393812884778e+00,-1.629999999999999893e+00
2.507435055522469813e+00,1.826644665079373286e+00,-1.629999999999999893e+00
2.497100016788111443e+00,1.823651197968650495e+00,-1.629999999999999893e+00
2.485527863415058381e+00,1.826621909829003965e+00,-1.629999999999999893e+00
2.475270552679805114e+00,1.823635711481149224e+00,-1.629999999999999893e+00
2.471422458025681390e+00,1.824623561560734464e+00,-1.629999999999999893e+00
2.461223744108158140e+00,1.821649351586693166e+00,-1.629999999999999893e+00
2.449707195642323754e+00,1.824605774650457146e+00,-1.629999999999999893e+00
2.439585049320855958e+00,1.821638740460729489e+00,-1.629999999999999893e+00
2.428096093624854568e+00,1.824588073057641147e+00,-1.629999999999999893e+00
2.418049899166521577e+00,1.821628180110711037e+00,-1.629999999999999893e+00
2.402767899573553745e+00,1.825551216521278830e+00,-1.629999999999999893e+00
2.392806167121584338e+00,1.822596087080411653e+00,-1.629999999999999893e+00
2.385183387277269418e+00,1.824552923380696745e+00,-1.629999999999999893e+00
2.375287274048366370e+00,1.821607210287618850e+00,-1.629999999999999893e+00
2.367682633896347255e+00,1.823559385330801641e+00,-1.629999999999999893e+00
2.357851628996976867e+00,1.820623032538110087e+00,-1.629999999999999893e+00
2.350265042409342975e+00,1.822570568477996256e+00,-1.629999999999999893e+00
2.340498639994545993e+00,1.819643520417203009e+00,-1.629999999999999893e+00
2.336714332315817266e+00,1.820614979425229318e+00,-1.629999999999999893e+00
2.327003083617784185e+00,1.817699480262684686e+00,-1.629999999999999893e+00
2.319452354550667117e+00,1.819637802202793697e+00,-1.629999999999999893e+00
2.309804753733865734e+00,1.816731487200377915e+00,-1.629999999999999893e+00
2.298505353604695767e+00,1.819632110963694815e+00,-1.629999999999999893e+00
2.288929773147694302e+00,1.816732648397930028e+00,-1.629999999999999893e+00
2.273899317686775223e+00,1.820591047490554448e+00,-1.629999999999999893e+00
2.264404010147944124e+00,1.817696138177876009e+00,-1.629999999999999893e+00
2.256906408191811320e+00,1.819620808651480903e+00,-1.629999999999999893e+00
2.247473164931355960e+00,1.816734954474898744e+00,-1.629999999999999893e+00
2.236253081595100056e+00,1.819615197202845591e+00,-1.629999999999999893e+00
2.226890166363825418e+00,1.816736099430576346e+00,-1.629999999999999893e+00
2.215696275083621103e+00,1.819609611978436181e+00,-1.629999999999999893e+00
2.206403134851673720e+00,1.816737239047963692e+00,-1.629999999999999893e+00
2.198957923780989976e+00,1.818648447422218872e+00,-1.629999999999999893e+00
2.189725352104822331e+00,1.815784992902273798e+00,-1.629999999999999893e+00
2.182297446419718678e+00,1.817691754613003807e+00,-1.629999999999999893e+00
2.173124981367902997e+00,1.814837166725904671e+00,-1.629999999999999893e+00
2.162008955951011391e+00,1.817690671436336558e+00,-1.629999999999999893e+00
2.152904718860115807e+00,1.814842694511886956e+00,-1.629999999999999893e+00
2.145511177646541867e+00,1.816740626241132306e+00,-1.629999999999999893e+00
2.136466097053658864e+00,1.813901423871017826e+00,-1.629999999999999893e+00
2.129089622135434290e+00,1.815794970430805400e+00,-1.629999999999999893e+00
2.120103249618670471e+00,1.812964492048331877e+00,-1.629999999999999893e+00
2.112743762390026259e+00,1.814853673655808519e+00,-1.629999999999999893e+00
2.103815653833192023e+00,1.812031869112922688e+00,-1.629999999999999893e+00
2.096473076230183974e+00,1.813916705845745492e+00,-1.629999999999999893e+00
2.087602791772161126e+00,1.811103525408554127e+00,-1.629999999999999893e+00
2.080277046267708041e+00,1.812984037206171184e+00,-1.629999999999999893e+00
2.071464150252513736e+00,1.810179431550516416e+00,-1.629999999999999893e+00
2.060500660200288436e+00,1.812993742690366616e+00,-1.629999999999999893e+00
2.051753066373002365e+00,1.810195518642940149e+00,-1.629999999999999893e+00
2.040814585433379236e+00,1.813003403853274298e+00,-1.629999999999999893e+00
2.032131790414938965e+00,1.810211532439125692e+00,-1.629999999999999893e+00
2.021218204749780867e+00,1.813013020997800595e+00,-1.629999999999999893e+00
2.012599709997194619e+00,1.810227473438861479e+00,-1.629999999999999893e+00
2.005340510621782535e+00,1.812090886677715673e+00,-1.629999999999999893e+00
1.996777590311729300e+00,1.809313749535808480e+00,-1.629999999999999893e+00
1.989534843361940863e+00,1.811172935486905056e+00,-1.629999999999999893e+00
1.981027082901988923e+00,1.808404161225796614e+00,-1.629999999999999893e+00
1.973800713970153220e+00,1.810259139025537811e+00,-1.629999999999999893e+00
1.965347702680757758e+00,1.807498680495149168e+00,-1.629999999999999893e+00
1.958137637862841229e+00,1.809349469150290490e+00,-1.629999999999999893e+00
1.949738968932132277e+00,1.806597279582627058e+00,-1.629999999999999893e+00
1.946142053314823483e+00,1.807520588408122908e+00,-1.629999999999999893e+00
1.937789239125401464e+00,1.804778698641639645e+00,-1.629999999999999893e+00
1.923433886504853918e+00,1.808463632388520370e+00,-1.629999999999999893e+00
1.915150745509929031e+00,1.805725774038044573e+00,-1.629999999999999893e+00
1.907989148880981922e+00,1.807564109483309034e+00,-1.629999999999999893e+00
1.899759116579517348e+00,1.804834391300757845e+00,-1.629999999999999893e+00
1.889040737586749508e+00,1.807585723964430402e+00,-1.629999999999999893e+00
1.880871399112312270e+00,1.804862051143534707e+00,-1.629999999999999893e+00
1.873741752323144549e+00,1.806692177619161566e+00,-1.629999999999999893e+00
1.865624707597232979e+00,1.803976563779913000e+00,-1.629999999999999893e+00
1.858510931873907701e+00,1.805802612480468694e+00,-1.629999999999999893e+00
1.850445796848519286e+00,1.803095012943245035e+00,-1.629999999999999893e+00
1.843347821687936205e+00,1.804917002000026693e+00,-1.629999999999999893e+00
1.835334215878867470e+00,1.802217372441386356e+00,-1.629999999999999893e+00
1.821169715471254280e+00,1.805853270149030854e+00,-1.629999999999999893e+00
1.813222934019481203e+00,1.803157539995587477e+00,-1.629999999999999893e+00
1.806156339251942633e+00,1.804971466524847745e+00,-1.629999999999999893e+00
1.798260267419643510e+00,1.802283636542162171e+00,-1.629999999999999893e+00
1.787683758973873660e+00,1.804998518426014220e+00,-1.629999999999999893e+00
1.779845794323398955e+00,1.802316549640217147e+00,-1.629999999999999893e+00
1.772810309201078516e+00,1.804122483271622279e+00,-1.629999999999999893e+00
1.765022284293222388e+00,1.801448336986278598e+00,-1.629999999999999893e+00
1.758002254239503515e+00,1.803250299823082825e+00,-1.629999999999999893e+00
1.750263806485939488e+00,1.800583933268193215e+00,-1.629999999999999893e+00
1.746761486479718295e+00,1.801482937651175176e+00,-1.629999999999999893e+00
1.739064591178766328e+00,1.798826277818730279e+00,-1.629999999999999893e+00
1.732075273875935739e+00,1.800620349828797595e+00,-1.629999999999999893e+00
1.724427273941913308e+00,1.797971376588603398e+00,-1.629999999999999893e+00
1.713966173612000654e+00,1.800656607352227878e+00,-1.629999999999999893e+00
1.706374314836406336e+00,1.798013326714987592e+00,-1.629999999999999893e+00
1.695935986486474478e+00,1.800692706878025851e+00,-1.629999999999999893e+00
1.688399853102645620e+00,1.798055094435005774e+00,-1.629999999999999893e+00
1.677984197806911437e+00,1.800728649436693640e+00,-1.629999999999999893e+00
1.670503377871189521e+00,1.798096680935778124e+00,-1.629999999999999893e+00
1.663574660188081866e+00,1.799875183660723854e+00,-1.629999999999999893e+00
1.656141245185660749e+00,1.797250761978389733e+00,-1.629999999999999893e+00
1.649227517551710154e+00,1.799025413491339265e+00,-1.629999999999999893e+00
1.641841167812650992e+00,1.796408498032859180e+00,-1.629999999999999893e+00
1.634942365506974582e+00,1.798179314976784626e+00,-1.629999999999999893e+00
1.627602744430103998e+00,1.795569865461615899e+00,-1.629999999999999893e+00
1.617276828562171920e+00,1.798220364840308561e+00,-1.629999999999999893e+00
1.609991006408200365e+00,1.795616439146695331e+00,-1.629999999999999893e+00
1.603121857024609520e+00,1.797379637797150043e+00,-1.629999999999999893e+00
1.595882067640576940e+00,1.794783106582954479e+00,-1.629999999999999893e+00
1.589027651940252861e+00,1.796542519945320437e+00,-1.629999999999999893e+00
1.581833567933541573e+00,1.793953343801328870e+00,-1.629999999999999893e+00
1.574993822847050140e+00,1.795708988093531966e+00,-1.629999999999999893e+00
1.567845119759069705e+00,1.793127127912806484e+00,-1.629999999999999893e+00
1.557607410171381712e+00,1.795754965912849554e+00,-1.629999999999999893e+00
1.550511044456086118e+00,1.793178513088271364e+00,-1.629999999999999893e+00
1.543700447849687185e+00,1.794926668801267944e+00,-1.629999999999999893e+00
1.536648791854127394e+00,1.792357462580852712e+00,-1.629999999999999893e+00
1.526454618854207190e+00,1.794974115574235807e+00,-1.629999999999999893e+00
1.519454573234903183e+00,1.792410263756168076e+00,-1.629999999999999893e+00
1.509282026135323473e+00,1.795021360859352599e+00,-1.629999999999999893e+00
1.502333216932052906e+00,1.792462841180929578e+00,-1.629999999999999893e+00
1.495565877636052088e+00,1.794199883699022946e+00,-1.629999999999999893e+00
1.488660778849566935e+00,1.791648512306656338e+00,-1.629999999999999893e+00
1.481907740182047073e+00,1.793381880892207958e+00,-1.629999999999999893e+00
1.475046044873529194e+00,1.790837620282470732e+00,-1.629999999999999893e+00
1.464937843563548947e+00,1.793432186495484970e+00,-1.629999999999999893e+00
1.458126342738071957e+00,1.790893176647889939e+00,-1.629999999999999893e+00
1.448039404486811899e+00,1.793482280269849571e+00,-1.629999999999999893e+00
1.441277737015858706e+00,1.790948499566035634e+00,-1.629999999999999893e+00
1.437922484696679160e+00,1.791809720252242943e+00,-1.629999999999999893e+00
1.431196220992004831e+00,1.789284762264099715e+00,-1.629999999999999893e+00
1.424499780526822246e+00,1.791003590505238607e+00,-1.629999999999999893e+00
1.417815689955356673e+00,1.788485603657056888e+00,-1.629999999999999893e+00
1.411133252354000556e+00,1.790200834530141671e+00,-1.629999999999999893e+00
1.404491041435192544e+00,1.787689782660000670e+00,-1.629999999999999893e+00
1.394488297963932810e+00,1.790257256408245290e+00,-1.629999999999999893e+00
1.387894623893975554e+00,1.787751318653388211e+00,-1.629999999999999893e+00
1.381240012145681151e+00,1.789459401038608677e+00,-1.629999999999999893e+00
1.374687609567676327e+00,1.786960334170697440e+00,-1.629999999999999893e+00
1.364726431254873695e+00,1.789517129829406139e+00,-1.629999999999999893e+00
1.358221905034868060e+00,1.787023128273016903e+00,-1.629999999999999893e+00
1.351594888365501790e+00,1.788724121507915266e+00,-1.629999999999999893e+00
1.345131036247601442e+00,1.786236927622982806e+00,-1.629999999999999893e+00
1.335211079085243835e+00,1.788783133644352485e+00,-1.629999999999999893e+00
1.328794454204748288e+00,1.786300956950764185e+00,-1.629999999999999893e+00
1.322194804699214465e+00,1.787994919637119429e+00,-1.629999999999999893e+00
1.315818267071324765e+00,1.785519488259355469e+00,-1.629999999999999893e+00
1.305939191304496205e+00,1.788055192001071214e+00,-1.629999999999999893e+00
1.299609242924328001e+00,1.785584730365516792e+00,-1.629999999999999893e+00
1.293036735479532240e+00,1.787271720381458762e+00,-1.629999999999999893e+00
1.286746297818123219e+00,1.784807942550555637e+00,-1.629999999999999893e+00
1.280187280245402182e+00,1.786491467099449171e+00,-1.629999999999999893e+00
1.273936082660763525e+00,1.784034339074905384e+00,-1.629999999999999893e+00
1.267390499698461515e+00,1.785714412365300374e+00,-1.629999999999999893e+00
1.261178273876260247e+00,1.783263900397947355e+00,-1.629999999999999893e+00
1.254646070601597385e+00,1.784940536551191004e+00,-1.629999999999999893e+00
1.248472550530706826e+00,1.782496607138619460e+00,-1.629999999999999893e+00
1.238694229730055829e+00,1.785006427623686553e+00,-1.629999999999999893e+00
1.232565791817600731e+00,1.782567341720996179e+00,-1.629999999999999893e+00
1.222807370251449477e+00,1.785072050282417333e+00,-1.629999999999999893e+00
1.216723699069146569e+00,1.782637788745104146e+00,-1.629999999999999893e+00
1.206985095910725780e+00,1.785137406164163165e+00,-1.629999999999999893e+00
1.200945878754107854e+00,1.782707949960907090e+00,-1.629999999999999893e+00
1.191227013668101575e+00,1.785202496892424939e+00,-1.629999999999999893e+00
1.185231940527947447e+00,1.782777827104200519e+00,-1.629999999999999893e+00
1.178765804942354611e+00,1.784437491157108591e+00,-1.629999999999999893e+00
1.172808035242378866e+00,1.782019267277210606e+00,-1.629999999999999893e+00
1.166354956846247459e+00,1.783675577109875121e+00,-1.629999999999999893e+00
1.160434238538497809e+00,1.781263766903442125e+00,-1.629999999999999893e+00
1.153994164704865044e+00,1.782916736046434414e+00,-1.629999999999999893e+00
1.148110247876567680e+00,1.780511307510888708e+00,-1.629999999999999893e+00
1.141683126296000550e+00,1.782160949413071460e+00,-1.629999999999999893e+00
1.135835763147481359e+00,1.779761870775942167e+00,-1.629999999999999893e+00
1.123007311364059069e+00,1.783054529180143621e+00,-1.629999999999999893e+00
1.117209113903052886e+00,1.780658465965530013e+00,-1.629999999999999893e+00
1.110807732054792440e+00,1.782301495745565845e+00,-1.629999999999999893e+00
1.105045547517896187e+00,1.779911732783273637e+00,-1.629999999999999893e+00
1.098656962910581791e+00,1.781551475176047505e+00,-1.629999999999999893e+00
1.092930550015310809e+00,1.779167981292002709e+00,-1.629999999999999893e+00
1.086554711584169386e+00,1.780804449426107938e+00,-1.629999999999999893e+00
1.080863831073026526e+00,1.778427193668550732e+00,-1.629999999999999893e+00
1.074500688058320552e+00,1.780060400594090764e+00,-1.629999999999999893e+00
1.068845102678053216e+00,1.777689352231518916e+00,-1.629999999999999893e+00
1.065669854770197711e+00,1.778504331288701223e+00,-1.629999999999999893e+00
1.060043027384059533e+00,1.776141078624787317e+00,-1.629999999999999893e+00
1.050536175850767640e+00,1.778581162787757686e+00,-1.629999999999999893e+00
1.044950476887269719e+00,1.776222437891547212e+00,-1.629999999999999893e+00
1.038625118577586770e+00,1.777845938716459573e+00,-1.629999999999999893e+00
1.033074014807009444e+00,1.775493330322080343e+00,-1.629999999999999893e+00
1.030695022558087537e+00,1.772341462951052105e+00,-1.629999999999999893e+00
1.031469396993895726e+00,1.768395063563697356e+00,-1.629999999999999893e+00
1.029102915356540970e+00,1.765269547535108341e+00,-1.629999999999999893e+00
1.030648800955994204e+00,1.757450831710521078e+00,-1.629999999999999893e+00
1.033774318291899030e+00,1.756648627243328376e+00,-1.629999999999999893e+00
1.041265504463761982e+00,1.718471730961432131e+00,-1.629999999999999893e+00
1.044330971105971173e+00,1.717684951625779277e+00,-1.629999999999999893e+00
1.045058410983456865e+00,1.713949295308061727e+00,-1.629999999999999893e+00
1.048117997354597541e+00,1.713164026402433704e+00,-1.629999999999999893e+00
1.053792378674045516e+00,1.683798594605705912e+00,-1.629999999999999893e+00
1.056805736861239797e+00,1.683025199898357638e+00,-1.629999999999999893e+00
1.057497321433031656e+00,1.679418251057049449e+00,-1.629999999999999893e+00
1.069528013150989665e+00,1.676330513419088675e+00,-1.629999999999999893e+00
1.070194360073888351e+00,1.672742950799731343e+00,-1.629999999999999893e+00
1.073196369157848551e+00,1.671972471183930331e+00,-1.629999999999999893e+00
1.078551010839528423e+00,1.674014715606020332e+00,-1.629999999999999893e+00
1.084566332584331105e+00,1.672470852976065236e+00,-1.629999999999999893e+00
1.089952543790777995e+00,1.674517892285964926e+00,-1.629999999999999893e+00
1.095979209737411253e+00,1.672971115813826071e+00,-1.629999999999999893e+00
1.101397191013784305e+00,1.675022971700937502e+00,-1.629999999999999893e+00
1.110454267502187120e+00,1.672698420479236781e+00,-1.629999999999999893e+00
1.115909940139060863e+00,1.674753645763926491e+00,-1.629999999999999893e+00
1.121959419273600211e+00,1.673201009528638039e+00,-1.629999999999999893e+00
1.127447289583223267e+00,1.675261089624300981e+00,-1.629999999999999893e+00
1.136538715511149489e+00,1.672927715427784623e+00,-1.629999999999999893e+00
1.142064751660737620e+00,1.674991192230410153e+00,-1.629999999999999893e+00
1.151173447126212279e+00,1.672653382171034320e+00,-1.629999999999999893e+00
1.156737900160671684e+00,1.674720266640229660e+00,-1.629999999999999893e+00
1.162821922707180766e+00,1.673158757565982091e+00,-1.629999999999999893e+00
1.168419239070825677e+00,1.675230552217962243e+00,-1.629999999999999893e+00
1.171467053903311850e+00,1.674448306967046385e+00,-1.629999999999999893e+00
1.177091615520128531e+00,1.676526531485983851e+00,-1.629999999999999893e+00
1.183198896676400658e+00,1.674959048149763152e+00,-1.629999999999999893e+00
1.188856722538985000e+00,1.677042233683148087e+00,-1.629999999999999893e+00
1.194975697734946607e+00,1.675471746573836906e+00,-1.629999999999999893e+00
1.200667001901672304e+00,1.677559915928342082e+00,-1.629999999999999893e+00
1.209863069927124224e+00,1.675199663106780701e+00,-1.629999999999999893e+00
1.215593964386431303e+00,1.677291324715640686e+00,-1.629999999999999893e+00
1.224807702167307166e+00,1.674926533147959917e+00,-1.629999999999999893e+00
1.230578449873822811e+00,1.677021698451564236e+00,-1.629999999999999893e+00
1.233655610500627997e+00,1.676231915310560483e+00,-1.629999999999999893e+00
1.239454593098731516e+00,1.678333648271287171e+00,-1.629999999999999893e+00
1.245620791514389980e+00,1.676751031141503923e+00,-1.629999999999999893e+00
1.251454149131317806e+00,1.678857834790463244e+00,-1.629999999999999893e+00
1.257632268521087449e+00,1.677272155549068611e+00,-1.629999999999999893e+00
1.263500224189807231e+00,1.679384053438678581e+00,-1.629999999999999893e+00
1.272785350817162708e+00,1.677000924419886463e+00,-1.629999999999999893e+00
1.278694140457186990e+00,1.679116396206303596e+00,-1.629999999999999893e+00
1.284896236338606723e+00,1.677524558152008849e+00,-1.629999999999999893e+00
1.290840098959840088e+00,1.679645165755200953e+00,-1.629999999999999893e+00
1.297054255154599378e+00,1.678050229768387247e+00,-1.629999999999999893e+00
1.303033419449180164e+00,1.680175997189648607e+00,-1.629999999999999893e+00
1.312372811474727063e+00,1.677778929017271325e+00,-1.629999999999999893e+00
1.318393589613461536e+00,1.679908318232428810e+00,-1.629999999999999893e+00
1.324632003373056310e+00,1.678307151174743828e+00,-1.629999999999999893e+00
1.330688570016140604e+00,1.680441742587716725e+00,-1.629999999999999893e+00
1.336939185885672288e+00,1.678837441144355624e+00,-1.629999999999999893e+00
1.343031775559152763e+00,1.680977259216726027e+00,-1.629999999999999893e+00
1.352426071001742613e+00,1.678566087868449852e+00,-1.629999999999999893e+00
1.358561073553391951e+00,1.680709576585935006e+00,-1.629999999999999893e+00
1.364836233032549639e+00,1.679098970534583568e+00,-1.629999999999999893e+00
1.371007757712712882e+00,1.681247729115521228e+00,-1.629999999999999893e+00
1.377295263613901088e+00,1.679633951578115347e+00,-1.629999999999999893e+00
1.383503550963690598e+00,1.681788004956149107e+00,-1.629999999999999893e+00
1.389803451966012515e+00,1.680171043417934440e+00,-1.629999999999999893e+00
1.396048744524855723e+00,1.682330416699120867e+00,-1.629999999999999893e+00
1.402361089595878907e+00,1.680710258571124660e+00,-1.629999999999999893e+00
1.408643631921879136e+00,1.682874977035497155e+00,-1.629999999999999893e+00
1.414968470319918570e+00,1.681251609653931611e+00,-1.629999999999999893e+00
1.421288509010465217e+00,1.683421698757076257e+00,-1.629999999999999893e+00
1.430794577579308946e+00,1.680981815554343672e+00,-1.629999999999999893e+00
1.437158662120005870e+00,1.683155682378876250e+00,-1.629999999999999893e+00
1.443508631642757667e+00,1.681525859346165719e+00,-1.629999999999999893e+00
1.449910737034354913e+00,1.683705141803231387e+00,-1.629999999999999893e+00
1.456273349408877094e+00,1.682072071075356501e+00,-1.629999999999999893e+00
1.462713728642963451e+00,1.684256795118204364e+00,-1.629999999999999893e+00
1.469089034313748821e+00,1.682620463726169246e+00,-1.629999999999999893e+00
1.475567942507374442e+00,1.684810655489783704e+00,-1.629999999999999893e+00
1.481955992221428708e+00,1.683171050386756074e+00,-1.629999999999999893e+00
1.488473686639020022e+00,1.685366736189518821e+00,-1.629999999999999893e+00
1.498074950439747477e+00,1.682902399156591011e+00,-1.629999999999999893e+00
1.504638118298008198e+00,1.685101954312386852e+00,-1.629999999999999893e+00
1.511051804992619152e+00,1.683455763505152136e+00,-1.629999999999999893e+00
1.517654305987711005e+00,1.685660859247050114e+00,-1.629999999999999893e+00
1.524080890787626430e+00,1.684011355119739095e+00,-1.629999999999999893e+00
1.530722988916547900e+00,1.686222018286287261e+00,-1.629999999999999893e+00
1.537162523803185854e+00,1.684569187474434404e+00,-1.629999999999999893e+00
1.543844485301936631e+00,1.686785445094104885e+00,-1.629999999999999893e+00
1.550297022571588634e+00,1.685129274152223022e+00,-1.629999999999999893e+00
1.557019115938479192e+00,1.687351153445173058e+00,-1.629999999999999893e+00
1.560251913232535648e+00,1.686521390847673274e+00,-1.629999999999999893e+00
1.567007850628950871e+00,1.688750604056348914e+00,-1.629999999999999893e+00
1.576725904420924973e+00,1.686256265360158046e+00,-1.629999999999999893e+00
1.583529076186517059e+00,1.688489470435798445e+00,-1.629999999999999893e+00
1.593266864750919165e+00,1.685990062099435249e+00,-1.629999999999999893e+00
1.600117599761033960e+00,1.688227273106338577e+00,-1.629999999999999893e+00
1.606622671212526221e+00,1.686557606752332683e+00,-1.629999999999999893e+00
1.613514662157228718e+00,1.688800543330684523e+00,-1.629999999999999893e+00
1.620033002267212252e+00,1.687127468385588802e+00,-1.629999999999999893e+00
1.626966529481594481e+00,1.689376158698505215e+00,-1.629999999999999893e+00
1.633498192489918122e+00,1.687699661216707891e+00,-1.629999999999999893e+00
1.640473538718784097e+00,1.689954133629625099e+00,-1.629999999999999893e+00
1.647018579198563426e+00,1.688274199579753443e+00,-1.629999999999999893e+00
1.654036029621863690e+00,1.690534482662328308e+00,-1.629999999999999893e+00
1.663873735328980086e+00,1.688009406478419461e+00,-1.629999999999999893e+00
1.670940326184583657e+00,1.690273795333376849e+00,-1.629999999999999893e+00
1.677512281875825684e+00,1.688586946938078759e+00,-1.629999999999999893e+00
1.684621582508956106e+00,1.690857197070877449e+00,-1.629999999999999893e+00
1.691207081398284684e+00,1.689166869496833145e+00,-1.629999999999999893e+00
1.698359384622450952e+00,1.691443010057084084e+00,-1.629999999999999893e+00
1.704958482643558648e+00,1.689749188922798018e+00,-1.629999999999999893e+00
1.712154083813811623e+00,1.692031249271796378e+00,-1.629999999999999893e+00
1.718766837247618806e+00,1.690333920106415810e+00,-1.629999999999999893e+00
1.726006034287646651e+00,1.692621929819152715e+00,-1.629999999999999893e+00
1.732632499765180745e+00,1.690921078061728311e+00,-1.629999999999999893e+00
1.739915593194742982e+00,1.693215066928922763e+00,-1.629999999999999893e+00
1.746555827700049912e+00,1.691510677927657635e+00,-1.629999999999999893e+00
1.753883120662765194e+00,1.693810675957816869e+00,-1.629999999999999893e+00
1.760537181535849038e+00,1.692102734969311184e+00,-1.629999999999999893e+00
1.767908979827334193e+00,1.694408772390814555e+00,-1.629999999999999893e+00
1.774576924767127251e+00,1.692697264579298588e+00,-1.629999999999999893e+00
1.781993536863497596e+00,1.695009371842502111e+00,-1.629999999999999893e+00
1.788675423930864872e+00,1.693294282279062646e+00,-1.629999999999999893e+00
1.796137161017597350e+00,1.695612490058433064e+00,-1.629999999999999893e+00
1.806180988713548263e+00,1.693034461509880240e+00,-1.629999999999999893e+00
1.813695199373854150e+00,1.695356993480325869e+00,-1.629999999999999893e+00
1.820405141340667221e+00,1.693634696533522055e+00,-1.629999999999999893e+00
1.827965137211164492e+00,1.695963383438132910e+00,-1.629999999999999893e+00
1.838051224131421968e+00,1.693374498334827782e+00,-1.629999999999999893e+00
1.845664418932578377e+00,1.695707548990128100e+00,-1.629999999999999893e+00
1.849033536915831499e+00,1.694842766085737473e+00,-1.629999999999999893e+00
1.856686065070108471e+00,1.697183857026115295e+00,-1.629999999999999893e+00
1.863438541505165302e+00,1.695450632754277542e+00,-1.629999999999999893e+00
1.871137822424145725e+00,1.697797973263486471e+00,-1.629999999999999893e+00
1.881287980627910361e+00,1.695192627854584799e+00,-1.629999999999999893e+00
1.889041527126783526e+00,1.697544404179874622e+00,-1.629999999999999893e+00
1.899213216039837837e+00,1.694933527356657477e+00,-1.629999999999999893e+00
1.907021420403858469e+00,1.697289756042104303e+00,-1.629999999999999893e+00
1.913816963741454824e+00,1.695545467533746020e+00,-1.629999999999999893e+00
1.921672975958402585e+00,1.697908026741612897e+00,-1.629999999999999893e+00
1.928483000703759664e+00,1.696160017814897669e+00,-1.629999999999999893e+00
1.936387158296290378e+00,1.698528940184752090e+00,-1.629999999999999893e+00
1.943211726301385722e+00,1.696777194935088939e+00,-1.629999999999999893e+00
1.951164369816530630e+00,1.699152513352078397e+00,-1.629999999999999893e+00
1.958003543330456786e+00,1.697397015772669882e+00,-1.629999999999999893e+00
1.966005016372940339e+00,1.699778763369930168e+00,-1.629999999999999893e+00
1.972858858045311914e+00,1.698019497350895746e+00,-1.629999999999999893e+00
1.980909507311299000e+00,1.700407707512000766e+00,-1.629999999999999893e+00
1.991212362707466044e+00,1.697763132512112527e+00,-1.629999999999999893e+00
1.999319940601500090e+00,1.700155937040835674e+00,-1.629999999999999893e+00
2.006203302895766871e+00,1.698389086747107424e+00,-1.629999999999999893e+00
2.014360791775818615e+00,1.700788413150012834e+00,-1.629999999999999893e+00
2.021259012592364623e+00,1.699017745465444706e+00,-1.629999999999999893e+00
2.029466768843297686e+00,1.701423627839008912e+00,-1.629999999999999893e+00
2.036379912468484488e+00,1.699649126232462670e+00,-1.629999999999999893e+00
2.044638295707907449e+00,1.702061598933222841e+00,-1.629999999999999893e+00
2.051566426846206159e+00,1.700283246765940115e+00,-1.629999999999999893e+00
2.059875799960532383e+00,1.702702344413087321e+00,-1.629999999999999893e+00
2.070290571610662322e+00,1.700029016231034529e+00,-1.629999999999999893e+00
2.078658865248055765e+00,1.702452830250532845e+00,-1.629999999999999893e+00
2.085617161838213107e+00,1.700666727990937765e+00,-1.629999999999999893e+00
2.094037214090163079e+00,1.703097228504051985e+00,-1.629999999999999893e+00
2.101010694828553849e+00,1.701307225118392719e+00,-1.629999999999999893e+00
2.109482878825659657e+00,1.703744447492397285e+00,-1.629999999999999893e+00
2.112977245832126094e+00,1.702847486349044592e+00,-1.629999999999999893e+00
2.121494273975353284e+00,1.705293435319219286e+00,-1.629999999999999893e+00
2.128498328136836371e+00,1.703495576934310751e+00,-1.629999999999999893e+00
2.137068210915094468e+00,1.705948327979617707e+00,-1.629999999999999893e+00
2.147597365142167813e+00,1.703245612396496300e+00,-1.629999999999999893e+00
2.156228217549654769e+00,1.705703215299214426e+00,-1.629999999999999893e+00
2.163263103402059517e+00,1.703897435493974877e+00,-1.629999999999999893e+00
2.171947614663252146e+00,1.706361904482974756e+00,-1.629999999999999893e+00
2.182523220232204242e+00,1.703647254358395147e+00,-1.629999999999999893e+00
2.191269581123821641e+00,1.706116622122247461e+00,-1.629999999999999893e+00
2.198335571307931335e+00,1.704302850783703915e+00,-1.629999999999999893e+00
2.207136410482279487e+00,1.706779149549354724e+00,-1.629999999999999893e+00
2.210677236129169110e+00,1.705870251989805020e+00,-1.629999999999999893e+00
2.219525082186120546e+00,1.708355540945081019e+00,-1.629999999999999893e+00
2.226622464166533089e+00,1.706533704152538355e+00,-1.629999999999999893e+00
2.235525553431001455e+00,1.709026007965406491e+00,-1.629999999999999893e+00
2.246195319063094331e+00,1.706287165411817908e+00,-1.629999999999999893e+00
2.255161996704903249e+00,1.708784482017270401e+00,-1.629999999999999893e+00
2.265855556454549280e+00,1.706039526005388884e+00,-1.629999999999999893e+00
2.274886302596879073e+00,1.708541875369240737e+00,-1.629999999999999893e+00
2.282031278918029038e+00,1.706707810092503497e+00,-1.629999999999999893e+00
2.291118567179208476e+00,1.709217270604601380e+00,-1.629999999999999893e+00
2.298279554246113854e+00,1.707379091629963819e+00,-1.629999999999999893e+00
2.307423801938528474e+00,1.709895701997342421e+00,-1.629999999999999893e+00
2.314600871667321424e+00,1.708053390829765483e+00,-1.629999999999999893e+00
2.323802500026165063e+00,1.710577190066596254e+00,-1.629999999999999893e+00
2.330995724818609283e+00,1.708730728086034212e+00,-1.629999999999999893e+00
2.340255159047265554e+00,1.711261755516814587e+00,-1.629999999999999893e+00
2.351069333838675668e+00,1.708485809318811555e+00,-1.629999999999999893e+00
2.360395159605974680e+00,1.711022008881469381e+00,-1.629999999999999893e+00
2.367620907895485960e+00,1.709167190397942182e+00,-1.629999999999999893e+00
2.377005438997400688e+00,1.711710688239791223e+00,-1.629999999999999893e+00
2.380626502198988081e+00,1.710781174910236624e+00,-1.629999999999999893e+00
2.390061945633312313e+00,1.713334126021761161e+00,-1.629999999999999893e+00
2.397320524565105249e+00,1.711470872048797442e+00,-1.629999999999999893e+00
2.406815515294539409e+00,1.714031211820671308e+00,-1.629999999999999893e+00
2.417728166050723715e+00,1.711229963250655128e+00,-1.629999999999999893e+00
2.427291455669666309e+00,1.713795598485932326e+00,-1.629999999999999893e+00
2.434583153128596855e+00,1.711923834978168690e+00,-1.629999999999999893e+00
2.444206923781738983e+00,1.714496931284173353e+00,-1.629999999999999893e+00
2.451515297061797050e+00,1.712620883033270980e+00,-1.629999999999999893e+00
2.461200003315794582e+00,1.715201481932217886e+00,-1.629999999999999893e+00
2.468525128865637797e+00,1.713321129276349941e+00,-1.629999999999999893e+00
2.478271229644230633e+00,1.715909272627159421e+00,-1.629999999999999893e+00
2.485613184439430690e+00,1.714024595768850467e+00,-1.629999999999999893e+00
2.495421143074874060e+00,1.716620325770719768e+00,-1.629999999999999893e+00
2.506459430884891759e+00,1.713786795436221588e+00,-1.629999999999999893e+00
2.516338213591186701e+00,1.716387970981525291e+00,-1.629999999999999893e+00
2.523714053892213816e+00,1.714494587328441177e+00,-1.629999999999999893e+00
2.533655673875437664e+00,1.717103424845383142e+00,-1.629999999999999893e+00
2.541048577530833796e+00,1.715205656778159948e+00,-1.629999999999999893e+00
2.551053511938166984e+00,1.717822199438220343e+00,-1.629999999999999893e+00
2.562168576576175916e+00,1.714968941361541432e+00,-1.629999999999999893e+00
2.572245924371003856e+00,1.717591018492149013e+00,-1.629999999999999893e+00
2.579673186555099917e+00,1.715684421969715601e+00,-1.629999999999999893e+00
2.589814857144797866e+00,1.718314281326940307e+00,-1.629999999999999893e+00
2.600981699377196588e+00,1.715447718890239059e+00,-1.629999999999999893e+00
2.611196881985521578e+00,1.718083169727873782e+00,-1.629999999999999893e+00
2.618658823551815562e+00,1.716167662226022683e+00,-1.629999999999999893e+00
2.628939357397927168e+00,1.718810973530917829e+00,-1.629999999999999893e+00
2.636418763490447681e+00,1.716890978432688675e+00,-1.629999999999999893e+00
2.646765149975120579e+00,1.719542195039099886e+00,-1.629999999999999893e+00
2.654262102536346646e+00,1.717617691268289670e+00,-1.629999999999999893e+00
2.664674847973848237e+00,1.720276858382961516e+00,-1.629999999999999893e+00
2.672189429524320925e+00,1.718347824714540284e+00,-1.629999999999999893e+00
2.682669045201730551e+00,1.721014987920737482e+00,-1.629999999999999893e+00
2.693967480940280712e+00,1.718114611722274532e+00,-1.629999999999999893e+00
2.704523387381117860e+00,1.720787528964113022e+00,-1.629999999999999893e+00
2.708298430513027100e+00,1.719818450499981166e+00,-1.629999999999999893e+00
2.718913340724518513e+00,1.722501744165679582e+00,-1.629999999999999893e+00
2.726481310228699328e+00,1.720558991944808991e+00,-1.629999999999999893e+00
2.737164654984376888e+00,1.723250420752237888e+00,-1.629999999999999893e+00
2.744750589450527301e+00,1.721303052217021845e+00,-1.629999999999999893e+00
2.755502900539277711e+00,1.724002663297078852e+00,-1.629999999999999893e+00
2.766908873104738653e+00,1.721074654273587079e+00,-1.629999999999999893e+00
2.777739762309816118e+00,1.723780163277322419e+00,-1.629999999999999893e+00
2.789172930013355423e+00,1.720845166065483545e+00,-1.629999999999999893e+00
2.800083026522659946e+00,1.723556598604389478e+00,-1.629999999999999893e+00
2.807723358320866058e+00,1.721595251880694066e+00,-1.629999999999999893e+00
2.818704135893365770e+00,1.724314988004380655e+00,-1.629999999999999893e+00
2.826362778260757214e+00,1.722348936068946346e+00,-1.629999999999999893e+00
2.837414790837293754e+00,1.725077024362894340e+00,-1.629999999999999893e+00
2.845091831749666511e+00,1.723106244586112945e+00,-1.629999999999999893e+00
2.856215638824113778e+00,1.725842734049690241e+00,-1.629999999999999893e+00
2.867758925992883956e+00,1.722879439699300130e+00,-1.629999999999999893e+00
2.878964387472498387e+00,1.725621991262849431e+00,-1.629999999999999893e+00
2.882821438058835284e+00,1.724631839684882761e+00,-1.629999999999999893e+00
2.894090535166985223e+00,1.727385280164442705e+00,-1.629999999999999893e+00
2.905689686367537661e+00,1.724407630359090504e+00,-1.629999999999999893e+00
2.917041675548501800e+00,1.727167209822559668e+00,-1.629999999999999893e+00
2.924793196527347039e+00,1.725177290801091390e+00,-1.629999999999999893e+00
2.936219320739993144e+00,1.727945459923307059e+00,-1.629999999999999893e+00
2.943989689767615214e+00,1.725950697434144532e+00,-1.629999999999999893e+00
2.955490537654561933e+00,1.728727507268306596e+00,-1.629999999999999893e+00
2.963279846613464663e+00,1.726727877675894751e+00,-1.629999999999999893e+00
2.974856012800891847e+00,1.729513379716838051e+00,-1.629999999999999893e+00
2.986568519890095530e+00,1.726506600264007707e+00,-1.629999999999999893e+00
2.998230174706246753e+00,1.729298387264034842e+00,-1.629999999999999893e+00
3.006057635069183664e+00,1.727288953610429889e+00,-1.629999999999999893e+00
3.017795862684765851e+00,1.730089525062808775e+00,-1.629999999999999893e+00
3.025642542660597734e+00,1.728075152360484923e+00,-1.629999999999999893e+00
3.037457956454030494e+00,1.730884561025817003e+00,-1.629999999999999893e+00
3.041390955274996699e+00,1.729874892539381204e+00,-1.629999999999999893e+00
3.053274463246211656e+00,1.732695687364636861e+00,-1.629999999999999893e+00
3.061159873904878648e+00,1.730671361592623025e+00,-1.629999999999999893e+00
3.073121765725703725e+00,1.733501112900465602e+00,-1.629999999999999893e+00
3.081026681988384919e+00,1.731471774509558248e+00,-1.629999999999999893e+00
3.093067589801403283e+00,1.734310536551880055e+00,-1.629999999999999893e+00
3.104954362476870067e+00,1.731258974051405053e+00,-1.629999999999999893e+00
3.117084781844136288e+00,1.734104268476519772e+00,-1.629999999999999893e+00
3.125028993240710040e+00,1.732064831803895144e+00,-1.629999999999999893e+00
3.137239761696308804e+00,1.734919234268272659e+00,-1.629999999999999893e+00
3.145203771049217778e+00,1.732874709768427834e+00,-1.629999999999999893e+00
3.157495540953610291e+00,1.735738275879876946e+00,-1.629999999999999893e+00
3.165479447187214301e+00,1.733688638103898949e+00,-1.629999999999999893e+00
3.177852877691067057e+00,1.736561423964067208e+00,-1.629999999999999893e+00
3.189858726526127342e+00,1.733479260295745839e+00,-1.629999999999999893e+00
3.202324539267013215e+00,1.736358738301341464e+00,-1.629999999999999893e+00
3.210348531862774912e+00,1.734298798695075972e+00,-1.629999999999999893e+00
3.222897394849459030e+00,1.737187597133480921e+00,-1.629999999999999893e+00
3.234963675512497083e+00,1.734089902953499518e+00,-1.629999999999999893e+00
3.247606426401160373e+00,1.736985468997917170e+00,-1.629999999999999893e+00
3.255670909928882306e+00,1.734915123480712529e+00,-1.629999999999999893e+00
3.268398130475096863e+00,1.737820112290368257e+00,-1.629999999999999893e+00
3.272440575419177211e+00,1.736782317359664818e+00,-1.629999999999999893e+00
3.285242700438753438e+00,1.739699424282271201e+00,-1.629999999999999893e+00
3.297400794639050225e+00,1.736578134425031505e+00,-1.629999999999999893e+00
3.563052801982393714e+00,1.855857815394800658e+00,-1.629999999999999893e+00
8.848977005827951103e+00,1.190986406079476367e+01,-1.629999999999999893e+00
8.548295558170142527e+00,1.158924048731402934e+01,-1.629999999999999893e+00
7.562448131774690552e+00,1.029928001337109933e+01,-1.629999999999999893e+00
7.446714330051804609e+00,1.017883136939009248e+01,-1.629999999999999893e+00
6.388657850967689456e+00,8.790083670302855978e+00,-1.629999999999999893e+00
6.336170835499042475e+00,8.694722147786462685e+00,-1.629999999999999893e+00
6.353029176188902838e+00,8.690379687726801805e+00,-1.629999999999999893e+00
6.301464027253220301e+00,8.597058902306121908e+00,-1.629999999999999893e+00
6.368191739038135069e+00,8.579871617908837678e+00,-1.629999999999999893e+00
6.317003827197740229e+00,8.488661660542625498e+00,-1.629999999999999893e+00
6.416057932975111733e+00,8.463149105773572600e+00,-1.629999999999999893e+00
6.364904614299581098e+00,8.374070688152224662e+00,-1.629999999999999893e+00
6.479281576299346312e+00,8.344612850593133402e+00,-1.629999999999999893e+00
6.428006480580060078e+00,8.257641241156429501e+00,-1.629999999999999893e+00
6.573567713984569849e+00,8.220153501194404910e+00,-1.629999999999999893e+00
6.659010927478623998e+00,8.298323476062877901e+00,-1.629999999999999893e+00
6.920422621286343556e+00,8.230996777769822970e+00,-1.629999999999999893e+00
7.010336772403650052e+00,8.310085572263105291e+00,-1.629999999999999893e+00
7.323952290391837039e+00,8.229310191815185860e+00,-1.629999999999999893e+00
7.419022669424159666e+00,8.309205509767457087e+00,-1.629999999999999893e+00
7.635830249530136449e+00,8.253361641618958799e+00,-1.629999999999999893e+00
7.735198176077748400e+00,8.334353327354291352e+00,-1.629999999999999893e+00
8.089099990556048780e+00,8.243193436669381313e+00,-1.629999999999999893e+00
8.194365321595581619e+00,8.324938192683545068e+00,-1.629999999999999893e+00
8.296553506094481278e+00,8.298614786119102860e+00,-1.629999999999999893e+00
8.405193010258859232e+00,8.381839128238496528e+00,-1.629999999999999893e+00
8.491266143885354722e+00,8.359665852179100298e+00,-1.629999999999999893e+00
8.603214573038156843e+00,8.444463626129193656e+00,-1.629999999999999893e+00
8.672822347034587764e+00,8.426531107483802074e+00,-1.629999999999999893e+00
8.788007730727418476e+00,8.513001306310119531e+00,-1.629999999999999893e+00
8.805601249950791853e+00,8.508468595302911552e+00,-1.629999999999999893e+00
8.905762824271157285e+00,8.601400598174194556e+00,-1.629999999999999893e+00
8.990194435625012304e+00,8.701064983842952572e+00,-1.629999999999999893e+00
8.954213992912775311e+00,8.710335775371373046e+00,-1.629999999999999893e+00
9.040162588251245523e+00,8.812381391491193483e+00,-1.629999999999999893e+00
9.003771541798368361e+00,8.821758482411551583e+00,-1.629999999999999893e+00
9.091284934694529696e+00,8.926269051080733874e+00,-1.629999999999999893e+00
9.036068126898502584e+00,8.940497864511002035e+00,-1.629999999999999893e+00
9.124981458578083959e+00,9.047616669150869484e+00,-1.629999999999999893e+00
9.050498791637005880e+00,9.066811176503957626e+00,-1.629999999999999893e+00
9.140634214449180561e+00,9.176689640012609672e+00,-1.629999999999999893e+00
9.027588606811718819e+00,9.205823657777887803e+00,-1.629999999999999893e+00
9.118529173221366690e+00,9.318680193065400630e+00,-1.629999999999999893e+00
9.004129831948640472e+00,9.348164827272245958e+00,-1.629999999999999893e+00
9.095888414183686876e+00,9.464111900890056717e+00,-1.629999999999999893e+00
8.999400379439062903e+00,9.488981674432544366e+00,-1.629999999999999893e+00
9.092226337067833342e+00,9.608076168222185132e+00,-1.629999999999999893e+00
8.975020384206029433e+00,9.638287844949910976e+00,-1.629999999999999893e+00
9.068696658589315618e+00,9.760713498756196316e+00,-1.629999999999999893e+00
8.910480225802464460e+00,9.801498849380688938e+00,-1.629999999999999893e+00
9.004524157248452454e+00,9.927514663166080666e+00,-1.629999999999999893e+00
8.904394926240188468e+00,9.953327850525131026e+00,-1.629999999999999893e+00
8.999558864163967442e+00,1.008287962639048807e+01,-1.629999999999999893e+00
8.898154662141383398e+00,1.010902323664408620e+01,-1.629999999999999893e+00
8.994465498683442917e+00,1.024225199920021723e+01,-1.629999999999999893e+00
8.912296037638196111e+00,1.026343803223717721e+01,-1.629999999999999893e+00
9.010049571372098498e+00,1.040042282971324994e+01,-1.629999999999999893e+00
8.926806871776827634e+00,1.042188708041553546e+01,-1.629999999999999893e+00
9.026046179871338282e+00,1.056278069997389046e+01,-1.629999999999999893e+00
8.941701834953697414e+00,1.058453057254558338e+01,-1.629999999999999893e+00
9.042471924645024473e+00,1.072949409669340781e+01,-1.629999999999999893e+00
8.914258005548942876e+00,1.076255905108166644e+01,-1.629999999999999893e+00
9.016025772648221803e+00,1.091191288732002285e+01,-1.629999999999999893e+00
8.907727606566776757e+00,1.093984390296297882e+01,-1.629999999999999893e+00
9.010808362309846942e+00,1.109369850173228045e+01,-1.629999999999999893e+00
8.922975609916289130e+00,1.111635307546355378e+01,-1.629999999999999893e+00
9.027709958494030573e+00,1.127482303787056317e+01,-1.629999999999999893e+00
8.894119096618949172e+00,1.130928268871175923e+01,-1.629999999999999893e+00
8.999929753488860484e+00,1.147273224840355788e+01,-1.629999999999999893e+00
8.909606542367789928e+00,1.149603296028396038e+01,-1.629999999999999893e+00
9.017161040702712071e+00,1.166451571910682361e+01,-1.629999999999999893e+00
8.925539343282084204e+00,1.168815340066546327e+01,-1.629999999999999893e+00
9.034895051795588827e+00,1.186189448452755180e+01,-1.629999999999999893e+00
1.092693136121152619e+01,6.365636584207432946e+00,-1.629999999999999893e+00
1.080904502782280474e+01,6.311988528947980015e+00,-1.629999999999999893e+00
1.076462753922176141e+01,6.323423741589206060e+00,-1.629999999999999893e+00
1.064931846107869973e+01,6.270657372356262194e+00,-1.629999999999999893e+00
1.061997862122685810e+01,6.278210599037110207e+00,-1.629999999999999893e+00
1.050703906462306669e+01,6.226337284632822211e+00,-1.629999999999999893e+00
1.044889303956473903e+01,6.241305830995538706e+00,-1.629999999999999893e+00
1.033851868504060612e+01,6.190234218751011319e+00,-1.629999999999999893e+00
9.906334382267315775e+00,6.301487716801376315e+00,-1.629999999999999893e+00
9.801800931917071580e+00,6.250332101826160169e+00,-1.629999999999999893e+00
9.716132072392060337e+00,6.272384357984328140e+00,-1.629999999999999893e+00
9.614213214009733832e+00,6.221940503727740435e+00,-1.629999999999999893e+00
9.401932259926473634e+00,6.276582516819662061e+00,-1.629999999999999893e+00
9.303671389704611272e+00,6.226544281058826513e+00,-1.629999999999999893e+00
9.275615182577867657e+00,6.233765832164707810e+00,-1.629999999999999893e+00
9.084674341453844448e+00,6.136159507719000317e+00,-1.629999999999999893e+00
9.005326438860393523e+00,6.085093398127185083e+00,-1.629999999999999893e+00
9.073665219401686244e+00,6.067504938082286969e+00,-1.629999999999999893e+00
9.008637441154204950e+00,6.013969020662051079e+00,-1.629999999999999893e+00
9.089946123886717189e+00,5.993043111567013526e+00,-1.629999999999999893e+00
9.025329800500776045e+00,5.940586526603973461e+00,-1.629999999999999893e+00
9.105952285767560994e+00,5.919837839080865471e+00,-1.629999999999999893e+00
9.041742828259977216e+00,5.868432022437788831e+00,-1.629999999999999893e+00
9.148339543228026116e+00,5.840999513732824333e+00,-1.629999999999999893e+00
9.084311719823883635e+00,5.790673866806942627e+00,-1.629999999999999893e+00
9.137167738001194195e+00,5.777071840364115474e+00,-1.629999999999999893e+00
9.228285421511971620e+00,5.820425558873068894e+00,-1.629999999999999893e+00
9.374849174274345387e+00,5.782707591441411665e+00,-1.629999999999999893e+00
9.468735585844569869e+00,5.826473347686312643e+00,-1.629999999999999893e+00
9.562785738784738143e+00,5.802268968121499171e+00,-1.629999999999999893e+00
9.659065748350109004e+00,5.846572339621214809e+00,-1.629999999999999893e+00
9.753912017665308909e+00,5.822162346210999040e+00,-1.629999999999999893e+00
9.852653932474646936e+00,5.867015380809172953e+00,-1.629999999999999893e+00
9.975639816981916042e+00,5.835362309176803208e+00,-1.629999999999999893e+00
1.007715033566028318e+01,5.880716503671411743e+00,-1.629999999999999893e+00
1.032523511528404114e+01,5.816864559911055998e+00,-1.629999999999999893e+00
1.043067580885917600e+01,5.862451642401595109e+00,-1.629999999999999893e+00
1.061139954145701658e+01,5.815935591855046383e+00,-1.629999999999999893e+00
1.072028229497548502e+01,5.861914521827855218e+00,-1.629999999999999893e+00
1.079039995647415573e+01,5.843866527184460757e+00,-1.629999999999999893e+00
1.090183625453541616e+01,5.890500901236281450e+00,-1.629999999999999893e+00
1.095842661107944060e+01,5.875934304734452773e+00,-1.629999999999999893e+00
1.107236407313506277e+01,5.923272957924625715e+00,-1.629999999999999893e+00
1.115955444663494767e+01,5.978882024986273080e+00,-1.629999999999999893e+00
1.114515160231645297e+01,5.982589625660389210e+00,-1.629999999999999893e+00
1.123380094664857687e+01,6.039246784210138941e+00,-1.629999999999999893e+00
1.117566431845629360e+01,6.054212911535183039e+00,-1.629999999999999893e+00
1.126541088087642173e+01,6.112050995273698994e+00,-1.629999999999999893e+00
1.120673904899057582e+01,6.127155428298971529e+00,-1.629999999999999893e+00
1.129760844715303314e+01,6.186208644386137046e+00,-1.629999999999999893e+00
1.122358709871284610e+01,6.205265324222464685e+00,-1.629999999999999893e+00
1.131546717087822884e+01,6.265605021660350715e+00,-1.629999999999999893e+00
