7.359163819910140347e+00,-9.560731713597160342e-01,-1.629999999999999893e+00
7.072232460406147503e+00,-9.170989480255792303e-01,-1.629999999999999893e+00
7.017497291695542039e+00,-9.222007263485021422e-01,-1.629999999999999893e+00
6.858406995467697165e+00,-9.003050605813132101e-01,-1.629999999999999893e+00
6.806980687420382203e+00,-9.053813128458342296e-01,-1.629999999999999893e+00
6.706435939369703725e+00,-8.913624449200292510e-01,-1.629999999999999893e+00
6.657300922504378882e+00,-8.963928506454911238e-01,-1.629999999999999893e+00
6.561143872970452762e+00,-8.828128490838039744e-01,-1.629999999999999893e+00
6.514150985006390115e+00,-8.877965129714959769e-01,-1.629999999999999893e+00
6.422099960407949837e+00,-8.746309208797533596e-01,-1.629999999999999893e+00
6.377112697780673578e+00,-8.795671877489495971e-01,-1.629999999999999893e+00
6.288909641237207637e+00,-8.667934427129919683e-01,-1.629999999999999893e+00
6.245802844717514013e+00,-8.716818623580854242e-01,-1.629999999999999893e+00
6.078897668515691244e+00,-8.472104649861451620e-01,-1.629999999999999893e+00
6.038670936471657313e+00,-8.520683455941518991e-01,-1.629999999999999893e+00
5.920866079524635950e+00,-8.345843890009461141e-01,-1.629999999999999893e+00
5.882742493193706679e+00,-8.393989526901576292e-01,-1.629999999999999893e+00
5.807736016350690811e+00,-8.281322280382454881e-01,-1.629999999999999893e+00
5.771084930845315597e+00,-8.328959525226250493e-01,-1.629999999999999893e+00
5.734771239123401365e+00,-8.273760919669751468e-01,-1.629999999999999893e+00
5.699056364552122389e+00,-8.320839968133588727e-01,-1.629999999999999893e+00
5.628692105794136147e+00,-8.212620219034859614e-01,-1.629999999999999893e+00
5.594314283080225714e+00,-8.259205325181443458e-01,-1.629999999999999893e+00
5.560213456989231418e+00,-8.206146775156056838e-01,-1.629999999999999893e+00
5.526686972521711816e+00,-8.252197087664738806e-01,-1.629999999999999893e+00
5.526844368164132604e+00,-8.350633254583027520e-01,-1.629999999999999893e+00
5.493736346482702260e+00,-8.395497663744945216e-01,-1.629999999999999893e+00
5.495178502158052147e+00,-9.274819608440190155e-01,-1.629999999999999893e+00
5.462504688006387887e+00,-9.313675853826720585e-01,-1.629999999999999893e+00
5.465919312432039767e+00,-1.134535515062879529e+00,-1.629999999999999893e+00
5.433704955781250234e+00,-1.137125307093505233e+00,-1.629999999999999893e+00
5.434364822195121292e+00,-1.175471536999152633e+00,-1.629999999999999893e+00
5.499804143963945791e+00,-1.209520052691691605e+00,-1.629999999999999893e+00
5.532952994800079516e+00,-1.217100452996464632e+00,-1.629999999999999893e+00
5.566354800688047888e+00,-1.214964256135891096e+00,-1.629999999999999893e+00
5.600325819357257373e+00,-1.222672475780098855e+00,-1.629999999999999893e+00
5.669253014411508751e+00,-1.218389971124219873e+00,-1.629999999999999893e+00
5.704517852253930599e+00,-1.226266740562368618e+00,-1.629999999999999893e+00
5.740092349326901378e+00,-1.224121324442752901e+00,-1.629999999999999893e+00
5.776260224011564581e+00,-1.232135654358924803e+00,-1.629999999999999893e+00
5.812762588894744731e+00,-1.230000809607360468e+00,-1.629999999999999893e+00
5.849868779358908810e+00,-1.238157232060342228e+00,-1.629999999999999893e+00
5.925301172990670828e+00,-1.233883001539096247e+00,-1.629999999999999893e+00
5.963887243060008281e+00,-1.242227756531646854e+00,-1.629999999999999893e+00
6.002876044819150714e+00,-1.240089549532430668e+00,-1.629999999999999893e+00
6.042497184310734681e+00,-1.248587801388012286e+00,-1.629999999999999893e+00
6.082551029929044617e+00,-1.246464121701188477e+00,-1.629999999999999893e+00
6.123249617501387299e+00,-1.255121187486281986e+00,-1.629999999999999893e+00
6.164412580194494673e+00,-1.253013634817429001e+00,-1.629999999999999893e+00
6.206233342263479891e+00,-1.261835099282143657e+00,-1.629999999999999893e+00
6.291469363730715081e+00,-1.257626113462414486e+00,-1.629999999999999893e+00
6.335065578644173634e+00,-1.266667102752590868e+00,-1.629999999999999893e+00
6.379213610742047180e+00,-1.264567375627713153e+00,-1.629999999999999893e+00
6.424055372872943259e+00,-1.273786926682420217e+00,-1.629999999999999893e+00
6.469487534470023782e+00,-1.271708755178273087e+00,-1.629999999999999893e+00
6.515629193534798524e+00,-1.281113491322159126e+00,-1.629999999999999893e+00
6.562402131238348701e+00,-1.279059032798965934e+00,-1.629999999999999893e+00
6.609901248638150761e+00,-1.288655934134349090e+00,-1.629999999999999893e+00
6.658074987436590320e+00,-1.286627510500861549e+00,-1.629999999999999893e+00
6.706992577136134948e+00,-1.296423939106264855e+00,-1.629999999999999893e+00
6.756630775970140945e+00,-1.294424050894338540e+00,-1.629999999999999893e+00
6.807031567389882909e+00,-1.304427778230710988e+00,-1.629999999999999893e+00
6.910168671323891232e+00,-1.300459812908889790e+00,-1.629999999999999893e+00
6.962928576856582730e+00,-1.310743834456814083e+00,-1.629999999999999893e+00
7.016537105770484395e+00,-1.308778722971739139e+00,-1.629999999999999893e+00
7.070960503920212581e+00,-1.319290012166609571e+00,-1.629999999999999893e+00
7.126289461585981755e+00,-1.317362284269460115e+00,-1.629999999999999893e+00
7.182456552410722672e+00,-1.328110229210212712e+00,-1.629999999999999893e+00
7.356700638429121142e+00,-1.322355596526749721e+00,-1.629999999999999893e+00
7.553569616632936246e+00,2.079264073056507067e-01,-1.629999999999999893e+00
7.367235814202344635e+00,2.442564300345231865e-01,-1.629999999999999893e+00
7.247840780515955927e+00,2.408706945695531232e-01,-1.629999999999999893e+00
7.189652676505392748e+00,2.524272981397632232e-01,-1.629999999999999893e+00
7.075920301285401059e+00,2.489917665628055277e-01,-1.629999999999999893e+00
7.020434182341472429e+00,2.602132963753625017e-01,-1.629999999999999893e+00
6.965777728775766064e+00,2.584611495688808880e-01,-1.629999999999999893e+00
6.911986441516194901e+00,2.694375734383950838e-01,-1.629999999999999893e+00
6.859002934374138327e+00,2.676409916639568842e-01,-1.629999999999999893e+00
6.806829753024198126e+00,2.783819223229321294e-01,-1.629999999999999893e+00
6.704833482355141427e+00,2.747345607642733833e-01,-1.629999999999999893e+00
6.654957161208388428e+00,2.851835960616181942e-01,-1.629999999999999893e+00
6.605839322756768439e+00,2.833361879896243440e-01,-1.629999999999999893e+00
6.557408332246740024e+00,2.935702462204485275e-01,-1.629999999999999893e+00
6.509718111690053099e+00,2.916881840002937265e-01,-1.629999999999999893e+00
6.462670318398412661e+00,3.017152397313471734e-01,-1.629999999999999893e+00
6.370687280053537016e+00,2.979147344601463798e-01,-1.629999999999999893e+00
6.325608382157732024e+00,3.076855243325130052e-01,-1.629999999999999893e+00
6.281230047452016407e+00,3.057696601057100505e-01,-1.629999999999999893e+00
6.237393687535162101e+00,3.153505211567698141e-01,-1.629999999999999893e+00
6.194243336349980922e+00,3.134076579286721453e-01,-1.629999999999999893e+00
6.151598662000660411e+00,3.228052723302858862e-01,-1.629999999999999893e+00
6.109626198869820612e+00,3.208375918078900102e-01,-1.629999999999999893e+00
6.068125097625983067e+00,3.300583111644489476e-01,-1.629999999999999893e+00
6.027283113001318249e+00,3.280678491958470278e-01,-1.629999999999999893e+00
5.986880030204543068e+00,3.371177153423620121e-01,-1.629999999999999893e+00
5.947123622890190475e+00,3.351063727036548423e-01,-1.629999999999999893e+00
5.907775393881999904e+00,3.439911369280795883e-01,-1.629999999999999893e+00
5.830856956035060712e+00,3.399569027531822440e-01,-1.629999999999999893e+00
5.793016974176268263e+00,3.486379366916325107e-01,-1.629999999999999893e+00
5.755795060710777733e+00,3.466165886102031135e-01,-1.629999999999999893e+00
5.718911377572665877e+00,3.551448890566173411e-01,-1.629999999999999893e+00
5.682635278231838782e+00,3.531075140867414586e-01,-1.629999999999999893e+00
5.646968981530552156e+00,3.407067530891349505e-01,-1.629999999999999893e+00
5.647265855077166385e+00,3.199360704884438578e-01,-1.629999999999999893e+00
5.612066086867031345e+00,3.078319643133798356e-01,-1.629999999999999893e+00
5.614642513176892002e+00,1.328635930425133838e-01,-1.629999999999999893e+00
5.579950642400874905e+00,1.220571705565724890e-01,-1.629999999999999893e+00
5.582265295154176243e+00,-3.070627218564407970e-02,-1.629999999999999893e+00
5.617207947391934297e+00,-4.135829115841912346e-02,-1.629999999999999893e+00
5.688114471918593651e+00,-4.235315870066536093e-02,-1.629999999999999893e+00
5.724389157550228369e+00,-5.328173763094833093e-02,-1.629999999999999893e+00
5.835615633394500179e+00,-5.504655777896570734e-02,-1.629999999999999893e+00
5.873790281575405281e+00,-6.634296279222520742e-02,-1.629999999999999893e+00
6.031115888037560602e+00,-6.912802923863786697e-02,-1.629999999999999893e+00
6.071885568731360650e+00,-8.090071257328558529e-02,-1.629999999999999893e+00
6.283789624621597625e+00,-8.504082177863868386e-02,-1.629999999999999893e+00
6.328041884098639436e+00,-9.742292183112345738e-02,-1.629999999999999893e+00
6.511195224732223785e+00,-1.013373108893854679e-01,-1.629999999999999893e+00
6.558703469381842233e+00,-1.142896981680867202e-01,-1.629999999999999893e+00
6.755742543364218200e+00,-1.188622210640246091e-01,-1.629999999999999893e+00
6.806882134076528423e+00,-1.324373841985639344e-01,-1.629999999999999893e+00
7.074692797989775350e+00,-1.391432539060686313e-01,-1.629999999999999893e+00
7.130772789139276036e+00,-1.535257538905373809e-01,-1.629999999999999893e+00
7.425386361624566334e+00,-1.614427428653125440e-01,-1.629999999999999893e+00
7.487387883703984670e+00,-1.494769703955042828e-01,-1.629999999999999893e+00
7.488512104891439591e+00,-1.293656559413832417e-02,-1.629999999999999893e+00
7.551700717770484239e+00,4.373125020015043610e-04,-1.629999999999999893e+00
7.695170989583004939e+00,1.326339789997608376e+00,-1.629999999999999893e+00
7.628875529377207698e+00,1.329503917304251326e+00,-1.629999999999999893e+00
7.629298055472158779e+00,1.372645010081769978e+00,-1.629999999999999893e+00
7.564085236755079933e+00,1.375392739636224437e+00,-1.629999999999999893e+00
7.564213762478630976e+00,1.389661936634497108e+00,-1.629999999999999893e+00
7.253955096199540264e+00,1.402155855945037777e+00,-1.629999999999999893e+00
7.254027214390034395e+00,1.415853183465949572e+00,-1.629999999999999893e+00
6.967899117016234989e+00,1.426841458666529006e+00,-1.629999999999999893e+00
6.967923028477284397e+00,1.440010985920402664e+00,-1.629999999999999893e+00
6.806680889661871348e+00,1.445902248011647018e+00,-1.629999999999999893e+00
6.806679248237382573e+00,1.458775774588227492e+00,-1.629999999999999893e+00
6.553680432311998594e+00,1.467547131648302638e+00,-1.629999999999999893e+00
6.553641037039319883e+00,1.479953349715252386e+00,-1.629999999999999893e+00
6.229068003141677856e+00,1.490599927926479440e+00,-1.629999999999999893e+00
6.228984375177155641e+00,1.502404809189479495e+00,-1.629999999999999893e+00
5.974982017048960259e+00,1.510261979003002297e+00,-1.629999999999999893e+00
5.974867063340901119e+00,1.521596416226165482e+00,-1.629999999999999893e+00
5.855361262235687647e+00,1.525069795971221609e+00,-1.629999999999999893e+00
5.816699095555752486e+00,1.515158216195119367e+00,-1.629999999999999893e+00
5.741181562351043155e+00,1.473951512547163611e+00,-1.629999999999999893e+00
5.742590637324753722e+00,1.365250680672013939e+00,-1.629999999999999893e+00
5.705624699746498329e+00,1.345807717182951890e+00,-1.629999999999999893e+00
5.708509111233333932e+00,1.130744231907287567e+00,-1.629999999999999893e+00
6.231980076762404508e+00,1.079533085433065587e+00,-1.629999999999999893e+00
6.276113599502902041e+00,1.086977397185527439e+00,-1.629999999999999893e+00
7.311509342144343115e+00,9.875982682931764289e-01,-1.629999999999999893e+00
7.372288169360726506e+00,9.955566953508430128e-01,-1.629999999999999893e+00
7.496719209673760709e+00,9.838436247577903027e-01,-1.629999999999999893e+00
7.560631683862938601e+00,9.919720110758436515e-01,-1.629999999999999893e+00
7.625790389046414930e+00,1.014502484652515246e+00,-1.629999999999999893e+00
7.628031794931603216e+00,1.243356277117387831e+00,-1.629999999999999893e+00
7.694557117649962308e+00,1.268397108033926024e+00,-1.629999999999999893e+00
7.708105547887885045e+00,2.547218214074145060e+00,-1.629999999999999893e+00
7.640729989502720976e+00,2.539877359828440984e+00,-1.629999999999999893e+00
7.640874925933315076e+00,2.554675773639330405e+00,-1.629999999999999893e+00
7.574641151250362192e+00,2.547332638287285178e+00,-1.629999999999999893e+00
7.574773336244733812e+00,2.562008095252971795e+00,-1.629999999999999893e+00
7.509652738792877535e+00,2.554663781098702735e+00,-1.629999999999999893e+00
7.509772575165653663e+00,2.569218307406850865e+00,-1.629999999999999893e+00
7.445737494758446040e+00,2.561873863082925418e+00,-1.629999999999999893e+00
7.445845370666241081e+00,2.576309435252022606e+00,-1.629999999999999893e+00
7.320936875196280447e+00,2.561744036689002968e+00,-1.629999999999999893e+00
7.321021910423435308e+00,2.575942644347085420e+00,-1.629999999999999893e+00
7.260097214979533753e+00,2.568721628425215453e+00,-1.629999999999999893e+00
7.260171376302596791e+00,2.582807005837416181e+00,-1.629999999999999893e+00
7.200229932820628065e+00,2.575587699862388558e+00,-1.629999999999999893e+00
7.200293555603970219e+00,2.589561638520053499e+00,-1.629999999999999893e+00
7.141311901789421768e+00,2.582344903386744495e+00,-1.629999999999999893e+00
7.141365309608213252e+00,2.596209152602720227e+00,-1.629999999999999893e+00
7.083320722584899087e+00,2.588995807934026505e+00,-1.629999999999999893e+00
7.083364227715041928e+00,2.602752076156263694e+00,-1.629999999999999893e+00
7.026234695142270503e+00,2.595542902245824735e+00,-1.629999999999999893e+00
7.026268599026650463e+00,2.609192858320255493e+00,-1.629999999999999893e+00
6.970032791559308549e+00,2.601988597974612905e+00,-1.629999999999999893e+00
6.970057385251591242e+00,2.615533872359605105e+00,-1.629999999999999893e+00
6.914694630270902032e+00,2.608335232645608404e+00,-1.629999999999999893e+00
6.914710194858193049e+00,2.621777418580251595e+00,-1.629999999999999893e+00
6.860200451405269462e+00,2.614585072483138539e+00,-1.629999999999999893e+00
6.860207258410710551e+00,2.627925727111399823e+00,-1.629999999999999893e+00
6.806531093259174270e+00,2.620740315108653906e+00,-1.629999999999999893e+00
6.806529405025608881e+00,2.633980960561422169e+00,-1.629999999999999893e+00
6.753667969833313300e+00,2.626803092117148353e+00,-1.629999999999999893e+00
6.753658039889057996e+00,2.639945216554045793e+00,-1.629999999999999893e+00
6.650314512269563494e+00,2.625714027136639483e+00,-1.629999999999999893e+00
6.650288833859138826e+00,2.638659460188573114e+00,-1.629999999999999893e+00
6.599771546183012205e+00,2.631605765351717086e+00,-1.629999999999999893e+00
6.599738339409305432e+00,2.644457005919072401e+00,-1.629999999999999893e+00
6.549965591163270595e+00,2.637411590993720356e+00,-1.629999999999999893e+00
6.549925077528105710e+00,2.650169999765812801e+00,-1.629999999999999893e+00
6.500880643391491631e+00,2.643133369610289218e+00,-1.629999999999999893e+00
6.500833037178057161e+00,2.655800278006025472e+00,-1.629999999999999893e+00
6.452501159072116188e+00,2.648772913124655126e+00,-1.629999999999999893e+00
6.452446667621212661e+00,2.661349624126012170e+00,-1.629999999999999893e+00
6.404812038021802323e+00,2.654331981748652147e+00,-1.629999999999999893e+00
6.404750861995815114e+00,2.666819770704710546e+00,-1.629999999999999893e+00
6.311520556463370291e+00,2.652905423658019402e+00,-1.629999999999999893e+00
6.311446609438553068e+00,2.665215487528842964e+00,-1.629999999999999893e+00
6.265822247051751503e+00,2.658318343055562583e+00,-1.629999999999999893e+00
6.265742181462468530e+00,2.670543202654303006e+00,-1.629999999999999893e+00
6.176406035363297242e+00,2.656865983985643442e+00,-1.629999999999999893e+00
6.176314282273337675e+00,2.668920472653392384e+00,-1.629999999999999893e+00
6.132576144053933476e+00,2.662139969849731003e+00,-1.629999999999999893e+00
6.132478786328843690e+00,2.674112743644462498e+00,-1.629999999999999893e+00
6.089341774971602561e+00,2.667342297406823715e+00,-1.629999999999999893e+00
6.089238972876943379e+00,2.679234456635454453e+00,-1.629999999999999893e+00
6.046690872861706367e+00,2.672474417247836076e+00,-1.629999999999999893e+00
6.046582781727276590e+00,2.684287040143951586e+00,-1.629999999999999893e+00
5.963211043159376779e+00,2.670880169258118553e+00,-1.629999999999999893e+00
5.963092853787404835e+00,2.682533642988363276e+00,-1.629999999999999893e+00
5.922246238892492798e+00,2.675886372975663008e+00,-1.629999999999999893e+00
5.922123199709832697e+00,2.687463460745306065e+00,-1.629999999999999893e+00
5.881819669878534107e+00,2.680826800342698046e+00,-1.629999999999999893e+00
5.842185352310810487e+00,2.662857476164169235e+00,-1.629999999999999893e+00
5.842449763576427202e+00,2.640024602970699519e+00,-1.629999999999999893e+00
5.803495796009745966e+00,2.611124304497216109e+00,-1.629999999999999893e+00
5.807168090666952942e+00,2.306298196710523829e+00,-1.629999999999999893e+00
5.846267675388230778e+00,2.310334050416795737e+00,-1.629999999999999893e+00
5.846398794187791736e+00,2.299011465818638911e+00,-1.629999999999999893e+00
5.886015992983701040e+00,2.303025068206011383e+00,-1.629999999999999893e+00
5.886142566647749597e+00,2.291629437240176426e+00,-1.629999999999999893e+00
5.926287642266236944e+00,2.295619854953953709e+00,-1.629999999999999893e+00
5.926409539362363255e+00,2.284150229179419345e+00,-1.629999999999999893e+00
5.967093027108126613e+00,2.288116497580470643e+00,-1.629999999999999893e+00
5.967210112158577218e+00,2.276571909967201268e+00,-1.629999999999999893e+00
6.050240948851333123e+00,2.284508196525075530e+00,-1.629999999999999893e+00
6.050348016344164748e+00,2.272807441195287215e+00,-1.629999999999999893e+00
6.135677040671663640e+00,2.280800597660052276e+00,-1.629999999999999893e+00
6.135773491172908933e+00,2.268939391651952686e+00,-1.629999999999999893e+00
6.179328327284406619e+00,2.272936299847651664e+00,-1.629999999999999893e+00
6.179419219529671103e+00,2.260994908652992574e+00,-1.629999999999999893e+00
6.223582268744626056e+00,2.264963426605603125e+00,-1.629999999999999893e+00
6.223667439548538738e+00,2.252940758913509089e+00,-1.629999999999999893e+00
6.313875498426599897e+00,2.260874966031779287e+00,-1.629999999999999893e+00
6.313948737031006786e+00,2.248682833889887878e+00,-1.629999999999999893e+00
6.406760135541298418e+00,2.256669167013458654e+00,-1.629999999999999893e+00
6.406820717105443208e+00,2.244302724842064833e+00,-1.629999999999999893e+00
6.454236331347663835e+00,2.248292472872217118e+00,-1.629999999999999893e+00
6.454290289514895917e+00,2.235838844565875227e+00,-1.629999999999999893e+00
6.551215451795202149e+00,2.243809960697443096e+00,-1.629999999999999893e+00
6.551255575303065015e+00,2.231174409416937010e+00,-1.629999999999999893e+00
6.651081208851730153e+00,2.239194024093942303e+00,-1.629999999999999893e+00
6.651106644143624180e+00,2.226371156052878053e+00,-1.629999999999999893e+00
6.702146031259741399e+00,2.230374335681612585e+00,-1.629999999999999893e+00
6.702163781368319917e+00,2.217457703116342493e+00,-1.629999999999999893e+00
6.753974267630342254e+00,2.221422793813968788e+00,-1.629999999999999893e+00
6.753984099087378290e+00,2.208411015654949683e+00,-1.629999999999999893e+00
6.859997239900434529e+00,2.216322646122640627e+00,-1.629999999999999893e+00
6.859990499304203126e+00,2.203112143038732818e+00,-1.629999999999999893e+00
6.969323002423172930e+00,2.211063620428542986e+00,-1.629999999999999893e+00
6.969298644553580502e+00,2.197648228252391700e+00,-1.629999999999999893e+00
7.025256244824154450e+00,2.201611525099179012e+00,-1.629999999999999893e+00
7.025222668554450323e+00,2.188093469130197644e+00,-1.629999999999999893e+00
7.082065232623837581e+00,2.192011438546037638e+00,-1.629999999999999893e+00
7.082022151168327895e+00,2.178389135718274972e+00,-1.629999999999999893e+00
7.139770695389593413e+00,2.182259857702990136e+00,-1.629999999999999893e+00
7.139717811776115752e+00,2.168531688058668472e+00,-1.629999999999999893e+00
7.258030734021686747e+00,2.176237203871168369e+00,-1.629999999999999893e+00
7.257957287770257615e+00,2.162287639217491453e+00,-1.629999999999999893e+00
7.380186191822430075e+00,2.170016167208983937e+00,-1.629999999999999893e+00
7.380090845935575850e+00,2.155837949755329941e+00,-1.629999999999999893e+00
7.506432761165412693e+00,2.163586781649815549e+00,-1.629999999999999893e+00
7.506314077790569250e+00,2.149172290778349037e+00,-1.629999999999999893e+00
7.571089512634595842e+00,2.153022225743919105e+00,-1.629999999999999893e+00
7.637123084619832802e+00,2.171602311134563923e+00,-1.629999999999999893e+00
7.637266754037133509e+00,2.186271359354835297e+00,-1.629999999999999893e+00
7.704640131574333139e+00,2.220121462261469336e+00,-1.629999999999999893e+00
7.719963228926956411e+00,3.666451403097847894e+00,-1.629999999999999893e+00
7.651594883316822582e+00,3.649213321921635167e+00,-1.629999999999999893e+00
7.651892509609531601e+00,3.679601796527596669e+00,-1.629999999999999893e+00
7.584684740565389660e+00,3.662393114498123659e+00,-1.629999999999999893e+00
7.584956217289221314e+00,3.692533033152792576e+00,-1.629999999999999893e+00
7.518880080585351067e+00,3.675355151843122226e+00,-1.629999999999999893e+00
7.519126227766493642e+00,3.705250546209521101e+00,-1.629999999999999893e+00
7.454153730831977853e+00,3.688104786336531937e+00,-1.629999999999999893e+00
7.454264515581472850e+00,3.702929609406575562e+00,-1.629999999999999893e+00
7.390380537746257694e+00,3.685945779677764378e+00,-1.629999999999999893e+00
7.390578300470466822e+00,3.715353685993064481e+00,-1.629999999999999893e+00
7.327744303128155501e+00,3.698402355846540868e+00,-1.629999999999999893e+00
7.327831652677338603e+00,3.712987393359118649e+00,-1.629999999999999893e+00
7.266033502860115512e+00,3.696194167646500883e+00,-1.629999999999999893e+00
7.266185854940466982e+00,3.725130228420798328e+00,-1.629999999999999893e+00
7.205387444354889759e+00,3.708369794835317812e+00,-1.629999999999999893e+00
7.205518162585168085e+00,3.737080398730661113e+00,-1.629999999999999893e+00
7.145695736293147249e+00,3.720353821522903726e+00,-1.629999999999999893e+00
7.145750599038171558e+00,3.734595758132885024e+00,-1.629999999999999893e+00
7.086891346704293326e+00,3.718022728357654572e+00,-1.629999999999999893e+00
7.086980723071507171e+00,3.746283424878370738e+00,-1.629999999999999893e+00
7.029051835056315589e+00,3.729744389439032748e+00,-1.629999999999999893e+00
7.029121494971479756e+00,3.757789989509674466e+00,-1.629999999999999893e+00
6.972101374734613444e+00,3.741285876828869483e+00,-1.629999999999999893e+00
6.972126639008502380e+00,3.755200482165415909e+00,-1.629999999999999893e+00
6.916003638011528842e+00,3.738845480545286648e+00,-1.629999999999999893e+00
6.916035614489067562e+00,3.766461616359793485e+00,-1.629999999999999893e+00
6.860779863683950985e+00,3.750141546800268788e+00,-1.629999999999999893e+00
6.860786855650358618e+00,3.763844695687564634e+00,-1.629999999999999893e+00
6.806387405325411422e+00,3.747670276928420474e+00,-1.629999999999999893e+00
6.806383937267843187e+00,3.774869902383616527e+00,-1.629999999999999893e+00
6.752812706676509791e+00,3.758730376588728106e+00,-1.629999999999999893e+00
6.752802507822048383e+00,3.772228399441286406e+00,-1.629999999999999893e+00
6.700049190277320044e+00,3.756231172268002627e+00,-1.629999999999999893e+00
6.700030781911737066e+00,3.769626813953443456e+00,-1.629999999999999893e+00
6.648076914661920078e+00,3.753769445972255703e+00,-1.629999999999999893e+00
6.648024163610593007e+00,3.780363195042133029e+00,-1.629999999999999893e+00
6.596844117900154458e+00,3.764539829910368507e+00,-1.629999999999999893e+00
6.596775893764327492e+00,3.790943020710079825e+00,-1.629999999999999893e+00
6.546352750740714654e+00,3.775154347255502696e+00,-1.629999999999999893e+00
6.546311134434348311e+00,3.788260005289698640e+00,-1.629999999999999893e+00
6.496635726457714810e+00,3.772607235883834953e+00,-1.629999999999999893e+00
6.496537926830432852e+00,3.798629446652534991e+00,-1.629999999999999893e+00
6.447586814550528622e+00,3.783011216310383951e+00,-1.629999999999999893e+00
6.447474858082058446e+00,3.808850942090715286e+00,-1.629999999999999893e+00
6.399232541863479895e+00,3.793267853756859598e+00,-1.629999999999999893e+00
6.399169699374260389e+00,3.806095815857564180e+00,-1.629999999999999893e+00
6.351627752056026921e+00,3.790644797459219006e+00,-1.629999999999999893e+00
6.351488738698245484e+00,3.816119517187138488e+00,-1.629999999999999893e+00
6.304625689987171988e+00,3.800703417045144139e+00,-1.629999999999999893e+00
6.304549712798842798e+00,3.813351445054111277e+00,-1.629999999999999893e+00
6.258357584981451005e+00,3.798064475920230887e+00,-1.629999999999999893e+00
6.258193064635730885e+00,3.823184357577065651e+00,-1.629999999999999893e+00
6.212651593262210170e+00,3.807932060674205754e+00,-1.629999999999999893e+00
6.212474844332663615e+00,3.832881850358755393e+00,-1.629999999999999893e+00
6.167570582156809422e+00,3.817664716747178222e+00,-1.629999999999999893e+00
6.167476281447479280e+00,3.830053910751448853e+00,-1.629999999999999893e+00
6.123201861889902453e+00,3.814962303468970806e+00,-1.629999999999999893e+00
6.123101819799140699e+00,3.827265192854646170e+00,-1.629999999999999893e+00
6.079444181902067257e+00,3.812297107477038427e+00,-1.629999999999999893e+00
6.079232917815544646e+00,3.836736163554638424e+00,-1.629999999999999893e+00
6.036173975363083422e+00,3.821802202961262385e+00,-1.629999999999999893e+00
6.035951819818579089e+00,3.846080231731817456e+00,-1.629999999999999893e+00
5.993479529731072120e+00,3.831180821988942942e+00,-1.629999999999999893e+00
5.993246790360234222e+00,3.855299930982404977e+00,-1.629999999999999893e+00
5.910025437760150879e+00,3.825774435182434985e+00,-1.629999999999999893e+00
5.909899015375412290e+00,3.837669857539314666e+00,-1.629999999999999893e+00
5.869263126111331275e+00,3.811312672380191113e+00,-1.629999999999999893e+00
5.829322701399667572e+00,3.773594102686524288e+00,-1.629999999999999893e+00
5.832974495072709153e+00,3.458248454797162807e+00,-1.629999999999999893e+00
5.873052328528507893e+00,3.470164671917026933e+00,-1.629999999999999893e+00
5.873312536576877463e+00,3.446737721959554523e+00,-1.629999999999999893e+00
5.913927133382504309e+00,3.458653395413918474e+00,-1.629999999999999893e+00
5.914052435865017721e+00,3.446863347671114131e+00,-1.629999999999999893e+00
5.955219362977263842e+00,3.458859947062739248e+00,-1.629999999999999893e+00
5.955460085630039480e+00,3.435124690130050951e+00,-1.629999999999999893e+00
5.997185559856358594e+00,3.447119697294898533e+00,-1.629999999999999893e+00
5.997300836070047936e+00,3.435173460814784807e+00,-1.629999999999999893e+00
6.039601302201738520e+00,3.447250490642613574e+00,-1.629999999999999893e+00
6.039821387517656959e+00,3.423198704567596007e+00,-1.629999999999999893e+00
6.082703377006098755e+00,3.435273008274032147e+00,-1.629999999999999893e+00
6.082808033000002723e+00,3.423166389747334559e+00,-1.629999999999999893e+00
6.126288927631604153e+00,3.435323812743982241e+00,-1.629999999999999893e+00
6.126487150425861117e+00,3.410946942040512742e+00,-1.629999999999999893e+00
6.170573819796310922e+00,3.423100412614358490e+00,-1.629999999999999893e+00
6.170667223646998600e+00,3.410829047583130880e+00,-1.629999999999999893e+00
6.215378050511824348e+00,3.423066731440910893e+00,-1.629999999999999893e+00
6.215465591404552903e+00,3.410709503207729476e+00,-1.629999999999999893e+00
6.260813821788403288e+00,3.423032575512582998e+00,-1.629999999999999893e+00
6.260976803523726986e+00,3.398147617451119817e+00,-1.629999999999999893e+00
6.306969865146593079e+00,3.410465324194106529e+00,-1.629999999999999893e+00
6.307045126810834290e+00,3.397936410474454938e+00,-1.629999999999999893e+00
6.353703039309343659e+00,3.410340616790792367e+00,-1.629999999999999893e+00
6.353771897009313108e+00,3.397722184751466035e+00,-1.629999999999999893e+00
6.401109071458054522e+00,3.410214113866979702e+00,-1.629999999999999893e+00
6.401233574589723752e+00,3.384799438633027791e+00,-1.629999999999999893e+00
6.449258063343930480e+00,3.397284414434118105e+00,-1.629999999999999893e+00
6.449313511431838286e+00,3.384486910134556048e+00,-1.629999999999999893e+00
6.498047147964686410e+00,3.397060733728551885e+00,-1.629999999999999893e+00
6.498144029470579675e+00,3.371282813750342111e+00,-1.629999999999999893e+00
6.547595322634820469e+00,3.383848060150558723e+00,-1.629999999999999893e+00
6.547636545419583953e+00,3.370866328528720146e+00,-1.629999999999999893e+00
6.597828644511101182e+00,3.383521534250355955e+00,-1.629999999999999893e+00
6.597862436860904900e+00,3.370443671867869195e+00,-1.629999999999999893e+00
6.648811991476581085e+00,3.383190133048091131e+00,-1.629999999999999893e+00
6.648838126101274781e+00,3.370014705572189406e+00,-1.629999999999999893e+00
6.700562287620016377e+00,3.382853746534061568e+00,-1.629999999999999893e+00
6.700598765589966810e+00,3.356308977381045722e+00,-1.629999999999999893e+00
6.753107075965494310e+00,3.369137270350726521e+00,-1.629999999999999893e+00
6.753117178676552257e+00,3.355766491773483295e+00,-1.629999999999999893e+00
6.806435726968981470e+00,3.368688503610824281e+00,-1.629999999999999893e+00
6.806437444800615744e+00,3.355215723475971412e+00,-1.629999999999999893e+00
6.860584996582124617e+00,3.368232831270813854e+00,-1.629999999999999893e+00
6.860571144261379928e+00,3.341084472351929513e+00,-1.629999999999999893e+00
6.915558131411879472e+00,3.354088568284203209e+00,-1.629999999999999893e+00
6.915542294801233503e+00,3.340411452350308785e+00,-1.629999999999999893e+00
6.971397306546983863e+00,3.353511781076276232e+00,-1.629999999999999893e+00
6.971347260891836761e+00,3.325948529374294527e+00,-1.629999999999999893e+00
7.028081384111469987e+00,3.339033619481141635e+00,-1.629999999999999893e+00
7.028046889606157421e+00,3.325145875023865383e+00,-1.629999999999999893e+00
7.085690537359396579e+00,3.338328302018590321e+00,-1.629999999999999893e+00
7.085646268310346052e+00,3.324330483583966434e+00,-1.629999999999999893e+00
7.144221338255828613e+00,3.337611700686306637e+00,-1.629999999999999893e+00
7.144112650012526267e+00,3.309397088554223210e+00,-1.629999999999999893e+00
7.203631324269399450e+00,3.322660257153938534e+00,-1.629999999999999893e+00
7.203566587920949615e+00,3.308441738022868783e+00,-1.629999999999999893e+00
7.264062294603282233e+00,3.321804780983475425e+00,-1.629999999999999893e+00
7.263986824667814091e+00,3.307470860275970814e+00,-1.629999999999999893e+00
7.325483659061905684e+00,3.320935284542141819e+00,-1.629999999999999893e+00
7.325397110998258299e+00,3.306484073668718882e+00,-1.629999999999999893e+00
7.387919965935923372e+00,3.320051420318093971e+00,-1.629999999999999893e+00
7.387821982449476188e+00,3.305480983945672246e+00,-1.629999999999999893e+00
7.451396581559318832e+00,3.319152829219068401e+00,-1.629999999999999893e+00
7.451177040521269390e+00,3.289774624541988768e+00,-1.629999999999999893e+00
7.515817744578708215e+00,3.303424251899599984e+00,-1.629999999999999893e+00
7.515695807071192114e+00,3.288614535783918491e+00,-1.629999999999999893e+00
7.581441932787406301e+00,3.302369753151823684e+00,-1.629999999999999893e+00
7.648482574931185773e+00,3.331437955094465941e+00,-1.629999999999999893e+00
7.648777984504850025e+00,3.361600096503517765e+00,-1.629999999999999893e+00
7.717211323022429070e+00,3.406702097034636889e+00,-1.629999999999999893e+00
1.752813977333036988e+01,-1.832876815647302537e+00,-1.629999999999999893e+00
1.719632526636154068e+01,-1.766373136661698373e+00,-1.629999999999999893e+00
1.721227291220768763e+01,-1.643801568725475892e+00,-1.629999999999999893e+00
1.688815328426372631e+01,-1.612063483878510617e+00,-1.629999999999999893e+00
1.657966005127210352e+01,-1.551915695232039649e+00,-1.629999999999999893e+00
1.598858080900382461e+01,-1.495107288166738879e+00,-1.629999999999999893e+00
1.570549922363345985e+01,-1.496256936897707890e+00,-1.629999999999999893e+00
1.543534558579301752e+01,-1.469803250233045588e+00,-1.629999999999999893e+00
1.543237889416930564e+01,-1.497366131053726956e+00,-1.629999999999999893e+00
1.516870312691830414e+01,-1.498436969027203691e+00,-1.629999999999999893e+00
1.514054642614073387e+01,-1.768290377133273417e+00,-1.629999999999999893e+00
1.566210926742026643e+01,-1.887001523295021022e+00,-1.629999999999999893e+00
1.652577387380695839e+01,-1.993423273771642412e+00,-1.629999999999999893e+00
1.716457632339234607e+01,-2.010391454951645063e+00,-1.629999999999999893e+00
1.717645938880054501e+01,-1.919059732826149389e+00,-1.629999999999999893e+00
1.751559371471867621e+01,-1.926239076048027687e+00,-1.629999999999999893e+00
7.731974082651000835e+00,4.800142389739027848e+00,-1.629999999999999893e+00
7.662597577670667626e+00,4.772619103467276247e+00,-1.629999999999999893e+00
7.662903107000770042e+00,4.803814500233296592e+00,-1.629999999999999893e+00
7.594719661158833901e+00,4.776491170949153542e+00,-1.629999999999999893e+00
7.594998285318061093e+00,4.807424612961039401e+00,-1.629999999999999893e+00
7.527977758680312270e+00,4.780298434983556888e+00,-1.629999999999999893e+00
7.528356685739352017e+00,4.826320387432853742e+00,-1.629999999999999893e+00
7.462457240680302029e+00,4.799251085112062221e+00,-1.629999999999999893e+00
7.462684665878148493e+00,4.829684320147765497e+00,-1.629999999999999893e+00
7.397891235942284816e+00,4.802808979214280960e+00,-1.629999999999999893e+00
7.398094216892697084e+00,4.832992851313280269e+00,-1.629999999999999893e+00
7.334379536411461231e+00,4.806308776082606649e+00,-1.629999999999999893e+00
7.334558837967464662e+00,4.836247338386658434e+00,-1.629999999999999893e+00
7.271896527426124912e+00,4.809751887206791032e+00,-1.629999999999999893e+00
7.272052887042534941e+00,4.839449094836931309e+00,-1.629999999999999893e+00
7.210417417413373720e+00,4.813139678720474102e+00,-1.629999999999999893e+00
7.210551546308297866e+00,4.842599391912369988e+00,-1.629999999999999893e+00
7.149918205091672085e+00,4.816473473208480627e+00,-1.629999999999999893e+00
7.150030789350615201e+00,4.845699460323411145e+00,-1.629999999999999893e+00
7.090375648229267469e+00,4.819754551428379052e+00,-1.629999999999999893e+00
7.090513223764432382e+00,4.863255765109477657e+00,-1.629999999999999893e+00
7.031802956878748567e+00,4.837366501813997743e+00,-1.629999999999999893e+00
7.031838691784826345e+00,4.851753640847870308e+00,-1.629999999999999893e+00
6.974071149967538297e+00,4.826163482724433962e+00,-1.629999999999999893e+00
6.974122980951167783e+00,4.854710025747377422e+00,-1.629999999999999893e+00
6.917266258289435754e+00,4.829293702565333746e+00,-1.629999999999999893e+00
6.917299057902506654e+00,4.857620730399633047e+00,-1.629999999999999893e+00
6.861332068626206038e+00,4.832375942581926154e+00,-1.629999999999999893e+00
6.861353587278684607e+00,4.874549099824471377e+00,-1.629999999999999893e+00
6.806246935870853498e+00,4.849358031164656246e+00,-1.629999999999999893e+00
6.806243377622403834e+00,4.877265014605125515e+00,-1.629999999999999893e+00
6.751986469109513500e+00,4.852242751230392948e+00,-1.629999999999999893e+00
6.751965541653575542e+00,4.879939908747053856e+00,-1.629999999999999893e+00
6.698539140255761026e+00,4.855084241383483601e+00,-1.629999999999999893e+00
6.698501362707700579e+00,4.882574704635878504e+00,-1.629999999999999893e+00
6.645886806934175439e+00,4.857883466150728857e+00,-1.629999999999999893e+00
6.645832681093477134e+00,4.885170297208761170e+00,-1.629999999999999893e+00
6.594011862497954013e+00,4.860641361577285657e+00,-1.629999999999999893e+00
6.593906862583722273e+00,4.901277021315359583e+00,-1.629999999999999893e+00
6.542854531578684352e+00,4.876800986994186182e+00,-1.629999999999999893e+00
6.542769122080300370e+00,4.903697840088320881e+00,-1.629999999999999893e+00
6.492476121627228203e+00,4.879381531672407846e+00,-1.629999999999999893e+00
6.492375767557673427e+00,4.906083420238325665e+00,-1.629999999999999893e+00
6.442825522401778748e+00,4.881924795537329942e+00,-1.629999999999999893e+00
6.442710662987760628e+00,4.908434525631725442e+00,-1.629999999999999893e+00
6.393887075123772412e+00,4.884431580682106144e+00,-1.629999999999999893e+00
6.393822615062764392e+00,4.897589735775156328e+00,-1.629999999999999893e+00
6.345716839069890369e+00,4.873841794213737977e+00,-1.629999999999999893e+00
6.345574273406474397e+00,4.899967487285516121e+00,-1.629999999999999893e+00
6.298164120245745679e+00,4.876369901514686411e+00,-1.629999999999999893e+00
6.298008287402352856e+00,4.902311611273630021e+00,-1.629999999999999893e+00
6.251278997999151876e+00,4.878862516506816682e+00,-1.629999999999999893e+00
6.251025888218396886e+00,4.917508725951974746e+00,-1.629999999999999893e+00
6.204956913352114078e+00,4.894109193055848017e+00,-1.629999999999999893e+00
6.204775636266123939e+00,4.919698175017928499e+00,-1.629999999999999893e+00
6.159359415944134497e+00,4.896444843970391148e+00,-1.629999999999999893e+00
6.159262716342430721e+00,4.909149203609832313e+00,-1.629999999999999893e+00
6.114491523568050368e+00,4.886134727672422962e+00,-1.629999999999999893e+00
6.114183726552263387e+00,4.923986721863268912e+00,-1.629999999999999893e+00
6.070032683309347199e+00,4.901020447383552359e+00,-1.629999999999999893e+00
6.069815994345211685e+00,4.926087053985561681e+00,-1.629999999999999893e+00
6.026278105098785254e+00,4.903261698031556648e+00,-1.629999999999999893e+00
6.026050283944137220e+00,4.928158886888381218e+00,-1.629999999999999893e+00
5.940774708977258456e+00,4.883103033625224576e+00,-1.629999999999999893e+00
5.940525711257473418e+00,4.907654212280921691e+00,-1.629999999999999893e+00
5.898763738324308115e+00,4.885418038019889053e+00,-1.629999999999999893e+00
5.857845202469536439e+00,4.839286739477115518e+00,-1.629999999999999893e+00
5.861192623029483073e+00,4.537913071615331084e+00,-1.629999999999999893e+00
5.902248651087836251e+00,4.557513218915344666e+00,-1.629999999999999893e+00
5.902762686670272707e+00,4.509146227800097328e+00,-1.629999999999999893e+00
5.944369347521768709e+00,4.528671622827228127e+00,-1.629999999999999893e+00
5.944616167107998450e+00,4.504335208170826554e+00,-1.629999999999999893e+00
5.986794518819454680e+00,4.523957923769382994e+00,-1.629999999999999893e+00
5.987030916768567579e+00,4.499459671153270612e+00,-1.629999999999999893e+00
6.029792630660129049e+00,4.519180567471855703e+00,-1.629999999999999893e+00
6.029905482539919426e+00,4.506847671660321630e+00,-1.629999999999999893e+00
6.073268006389033857e+00,4.526757866957271226e+00,-1.629999999999999893e+00
6.073482698744885333e+00,4.501922228252696279e+00,-1.629999999999999893e+00
6.117453059160498974e+00,4.521933574661958666e+00,-1.629999999999999893e+00
6.117758000922799866e+00,4.484432711355289314e+00,-1.629999999999999893e+00
6.162343070234050479e+00,4.504453393413968776e+00,-1.629999999999999893e+00
6.162534635030596064e+00,4.479285677861960302e+00,-1.629999999999999893e+00
6.207753049230517739e+00,4.499408063750816922e+00,-1.629999999999999893e+00
6.207842822042125341e+00,4.486735778975411648e+00,-1.629999999999999893e+00
6.253714109965253343e+00,4.507056074323815054e+00,-1.629999999999999893e+00
6.253881276571775061e+00,4.481532146845863984e+00,-1.629999999999999893e+00
6.300413231154317728e+00,4.501957286466404362e+00,-1.629999999999999893e+00
6.300567624062607841e+00,4.476255284703200665e+00,-1.629999999999999893e+00
6.347774398990413403e+00,4.496786213835339829e+00,-1.629999999999999893e+00
6.347915637996174532e+00,4.470903635759027495e+00,-1.629999999999999893e+00
6.395811792589670475e+00,4.491541308300738500e+00,-1.629999999999999893e+00
6.395939485052165807e+00,4.465475598782592037e+00,-1.629999999999999893e+00
6.444539998880241427e+00,4.486220977206242466e+00,-1.629999999999999893e+00
6.444653739240257195e+00,4.459969526503456905e+00,-1.629999999999999893e+00
6.493974027370073898e+00,4.480823581756627760e+00,-1.629999999999999893e+00
6.494073396645898555e+00,4.454383723944826734e+00,-1.629999999999999893e+00
6.544129325561091726e+00,4.475347435334818158e+00,-1.629999999999999893e+00
6.544213890821352742e+00,4.448716446683931736e+00,-1.629999999999999893e+00
6.595021795043031432e+00,4.469790801744701447e+00,-1.629999999999999893e+00
6.595091108855132944e+00,4.442965899035725030e+00,-1.629999999999999893e+00
6.646667808302178848e+00,4.464151893375885471e+00,-1.629999999999999893e+00
6.646721408155065625e+00,4.437130232155940490e+00,-1.629999999999999893e+00
6.699084226282294274e+00,4.458428869286332308e+00,-1.629999999999999893e+00
6.699121633982120905e+00,4.431207542059262927e+00,-1.629999999999999893e+00
6.752288416737330046e+00,4.452619833198538934e+00,-1.629999999999999893e+00
6.752309137774587633e+00,4.425195867548198159e+00,-1.629999999999999893e+00
6.806298273417884737e+00,4.446722831404684051e+00,-1.629999999999999893e+00
6.806301796304397023e+00,4.419093188047860110e+00,-1.629999999999999893e+00
6.861132236135913054e+00,4.440735850575890709e+00,-1.629999999999999893e+00
6.861125132773031154e+00,4.426814382207197696e+00,-1.629999999999999893e+00
6.916825559357380193e+00,4.448688879947869879e+00,-1.629999999999999893e+00
6.916793069454532095e+00,4.420629329969064436e+00,-1.629999999999999893e+00
6.973374769271089235e+00,4.442623366000300500e+00,-1.629999999999999893e+00
6.973297775250153485e+00,4.400217974915168639e+00,-1.629999999999999893e+00
7.030771797233390075e+00,4.422213957395963568e+00,-1.629999999999999893e+00
7.030736416768452735e+00,4.407969519001825986e+00,-1.629999999999999893e+00
7.089143674229060110e+00,4.430205899712280626e+00,-1.629999999999999893e+00
7.089052858887927577e+00,4.401490201420600101e+00,-1.629999999999999893e+00
7.148405739837679462e+00,4.423849402670864350e+00,-1.629999999999999893e+00
7.148294252301027107e+00,4.394908116027061773e+00,-1.629999999999999893e+00
7.208615590637994508e+00,4.417391245423967661e+00,-1.629999999999999893e+00
7.208482778759862875e+00,4.388220798291289526e+00,-1.629999999999999893e+00
7.269796146974104367e+00,4.410828969516962239e+00,-1.629999999999999893e+00
7.269718727745502207e+00,4.396124821736898447e+00,-1.629999999999999893e+00
7.332059876404906085e+00,4.418987621829915113e+00,-1.629999999999999893e+00
7.331882302709036736e+00,4.389337565935785612e+00,-1.629999999999999893e+00
7.395265335343603752e+00,4.412329736438302064e+00,-1.629999999999999893e+00
7.395064326429555024e+00,4.382439112021663696e+00,-1.629999999999999893e+00
7.459515231526330226e+00,4.405561832963028834e+00,-1.629999999999999893e+00
7.459402613047791064e+00,4.390491626762316635e+00,-1.629999999999999893e+00
7.524960818877539204e+00,4.413881055085250971e+00,-1.629999999999999893e+00
7.524835668800403887e+00,4.398681161698184461e+00,-1.629999999999999893e+00
7.591529773166156403e+00,4.422343075820110769e+00,-1.629999999999999893e+00
7.591253628213356031e+00,4.391684880536061542e+00,-1.629999999999999893e+00
7.659099792907842819e+00,4.415485523383031463e+00,-1.629999999999999893e+00
7.728320860352626553e+00,4.455318842053012318e+00,-1.629999999999999893e+00
1.769395773970459729e+01,-5.989323048746699740e-01,-1.629999999999999893e+00
1.735393378998554326e+01,-5.550141657445319954e-01,-1.629999999999999893e+00
1.735803799946123149e+01,-5.234697362138623911e-01,-1.629999999999999893e+00
1.703057177303009340e+01,-4.817756259344216918e-01,-1.629999999999999893e+00
1.671146040237853470e+01,-4.720310827950817134e-01,-1.629999999999999893e+00
1.640765193136234146e+01,-4.327906036758073505e-01,-1.629999999999999893e+00
1.582544686844092929e+01,-4.160785511586605478e-01,-1.629999999999999893e+00
1.554656809201518186e+01,-4.364593532517417884e-01,-1.629999999999999893e+00
1.554352434525543458e+01,-4.647381364312154206e-01,-1.629999999999999893e+00
1.527456032732992242e+01,-4.839031097764848188e-01,-1.629999999999999893e+00
1.525144551937430215e+01,-7.054350908780788743e-01,-1.629999999999999893e+00
1.551320321477889941e+01,-7.464451055667544743e-01,-1.629999999999999893e+00
1.551018268695180602e+01,-7.745081667384506874e-01,-1.629999999999999893e+00
1.578088084262406454e+01,-8.174141330529607341e-01,-1.629999999999999893e+00
1.698007611043141907e+01,-8.825286096831457261e-01,-1.629999999999999893e+00
1.731306679735501675e+01,-8.691126484858696655e-01,-1.629999999999999893e+00
1.731713922566819974e+01,-8.378124849087165149e-01,-1.629999999999999893e+00
1.766381853153776760e+01,-8.232150607766763883e-01,-1.629999999999999893e+00
7.760710167045448138e+00,-4.443498748289039568e+00,-1.629999999999999893e+00
7.697390349178094837e+00,-4.393952954364562125e+00,-1.629999999999999893e+00
7.698548534845997438e+00,-4.292436266796214817e+00,-1.629999999999999893e+00
7.636151607420436527e+00,-4.244433373352586081e+00,-1.629999999999999893e+00
7.637489996995770802e+00,-4.118104285260161035e+00,-1.629999999999999893e+00
7.575974938622977106e+00,-4.071793945678746418e+00,-1.629999999999999893e+00
7.576097974880603658e+00,-4.059231600610358370e+00,-1.629999999999999893e+00
7.637892367395216375e+00,-4.080124995392149678e+00,-1.629999999999999893e+00
7.646982639318157027e+00,-3.222104443154384601e+00,-1.629999999999999893e+00
7.584684935795707794e+00,-3.182478940970629111e+00,-1.629999999999999893e+00
7.584936732315822105e+00,-3.156769813972160943e+00,-1.629999999999999893e+00
7.463052317583954043e+00,-3.105112468275068149e+00,-1.629999999999999893e+00
7.344880651352958090e+00,-3.080022891871704971e+00,-1.629999999999999893e+00
7.344796889349308522e+00,-3.092478551379698626e+00,-1.629999999999999893e+00
7.287147734334888938e+00,-3.080138395507056259e+00,-1.629999999999999893e+00
7.286630331142623263e+00,-3.166530884525832867e+00,-1.629999999999999893e+00
7.229967866141659094e+00,-3.153712007321700650e+00,-1.629999999999999893e+00
7.226329296053211060e+00,-3.844781567841677461e+00,-1.629999999999999893e+00
7.282314220783566050e+00,-3.887205828882940306e+00,-1.629999999999999893e+00
7.281807401706874572e+00,-3.971831053798828837e+00,-1.629999999999999893e+00
7.225760641688934172e+00,-3.952785457297501637e+00,-1.629999999999999893e+00
7.223564156491574906e+00,-4.369961442128912132e+00,-1.629999999999999893e+00
7.168706823447246634e+00,-4.348064072662254809e+00,-1.629999999999999893e+00
7.166206894787273463e+00,-4.897141744309297273e+00,-1.629999999999999893e+00
7.220528463762687643e+00,-4.946527177852199308e+00,-1.629999999999999893e+00
7.275740167225899668e+00,-4.984896871915720951e+00,-1.629999999999999893e+00
7.331888381114434416e+00,-5.012012186224869659e+00,-1.629999999999999893e+00
7.331968093736890069e+00,-5.000158681765916491e+00,-1.629999999999999893e+00
7.446993446131544125e+00,-5.055515852626574436e+00,-1.629999999999999893e+00
7.447191730515236863e+00,-5.031433554304837408e+00,-1.629999999999999893e+00
7.506123882044303031e+00,-5.059599150057598749e+00,-1.629999999999999893e+00
7.506342613824295462e+00,-5.035315086352491143e+00,-1.629999999999999893e+00
7.566259651369167116e+00,-5.063751871555527195e+00,-1.629999999999999893e+00
7.566499500236867348e+00,-5.039262633192614693e+00,-1.629999999999999893e+00
7.627426612891577307e+00,-5.067975802818552644e+00,-1.629999999999999893e+00
7.627688274121184442e+00,-5.043277893379814358e+00,-1.629999999999999893e+00
7.689651519905509325e+00,-5.072272791315822538e+00,-1.629999999999999893e+00
7.693074132114807284e+00,-4.772275766703907962e+00,-1.629999999999999893e+00
7.756355490970411104e+00,-4.799346370281415197e+00,-1.629999999999999893e+00
1.706272049832483262e+01,-2.793242309706600146e+00,-1.629999999999999893e+00
1.674596162773631391e+01,-2.740551114003134447e+00,-1.629999999999999893e+00
1.644429409110265183e+01,-2.661014542144179984e+00,-1.629999999999999893e+00
1.586589735956350644e+01,-2.565836918800177280e+00,-1.629999999999999893e+00
1.532113856938171814e+01,-2.530875576415959394e+00,-1.629999999999999893e+00
1.531824997289320933e+01,-2.557712892473838817e+00,-1.629999999999999893e+00
1.505995525296644466e+01,-2.540675001174994119e+00,-1.629999999999999893e+00
1.502706186852545756e+01,-2.855924716177456357e+00,-1.629999999999999893e+00
1.527801469845660876e+01,-2.931529997434221269e+00,-1.629999999999999893e+00
1.581206897321726856e+01,-3.035628471719710841e+00,-1.629999999999999893e+00
1.639188791953360180e+01,-3.090395934523517685e+00,-1.629999999999999893e+00
1.639536390705963598e+01,-3.061915999448454606e+00,-1.629999999999999893e+00
1.670188948532914353e+01,-3.090324572968273564e+00,-1.629999999999999893e+00
1.671287079951451204e+01,-3.003172643499520955e+00,-1.629999999999999893e+00
1.703178245447331562e+01,-3.031028161007061961e+00,-1.629999999999999893e+00
7.888436919459237195e+00,5.993847297220018966e+00,-1.629999999999999893e+00
7.815454438358253597e+00,5.954539162679584940e+00,-1.629999999999999893e+00
7.815826526156032905e+00,5.987153208736224919e+00,-1.629999999999999893e+00
7.744137649598181738e+00,5.948247805910773067e+00,-1.629999999999999893e+00
7.744651489066726846e+00,5.996748535955259918e+00,-1.629999999999999893e+00
7.674208095561477982e+00,5.958085363439105109e+00,-1.629999999999999893e+00
7.674365057452924077e+00,5.974111610344221113e+00,-1.629999999999999893e+00
7.605163497496653768e+00,5.935987916090775585e+00,-1.629999999999999893e+00
7.605449659003811647e+00,5.967758170373332227e+00,-1.629999999999999893e+00
7.537444073771980335e+00,5.930013908255624244e+00,-1.629999999999999893e+00
7.537962955500513651e+00,5.993033821106493519e+00,-1.629999999999999893e+00
7.471096841827185031e+00,5.955371931911964012e+00,-1.629999999999999893e+00
7.471447241158764463e+00,6.002261130273744527e+00,-1.629999999999999893e+00
7.405705588725482791e+00,5.964826520589225467e+00,-1.629999999999999893e+00
7.405914071026157508e+00,5.995828459862802440e+00,-1.629999999999999893e+00
7.341281542080128730e+00,5.958759046680015992e+00,-1.629999999999999893e+00
7.341557771582058578e+00,6.004881982465841261e+00,-1.629999999999999893e+00
7.277995025804007589e+00,5.968032885343616201e+00,-1.629999999999999893e+00
7.278235942778320755e+00,6.013789977693851263e+00,-1.629999999999999893e+00
7.215717150426376847e+00,5.977158920438427003e+00,-1.629999999999999893e+00
7.215923841177358078e+00,6.022555926406883309e+00,-1.629999999999999893e+00
7.154423993472292409e+00,5.986140657500637730e+00,-1.629999999999999893e+00
7.154539648794554729e+00,6.016163868471601894e+00,-1.629999999999999893e+00
7.094045299615808986e+00,5.980093770968611722e+00,-1.629999999999999893e+00
7.094186597967748753e+00,6.024772134699564852e+00,-1.629999999999999893e+00
7.034663174445766387e+00,5.988911372566938063e+00,-1.629999999999999893e+00
7.034736575152988003e+00,6.018463043349882469e+00,-1.629999999999999893e+00
6.976171464169494740e+00,5.982937009451052113e+00,-1.629999999999999893e+00
6.976251321002046701e+00,6.026919128765804601e+00,-1.629999999999999893e+00
6.918612078063900661e+00,5.991596261696959580e+00,-1.629999999999999893e+00
6.918662619227767152e+00,6.035245586233850545e+00,-1.629999999999999893e+00
6.861927906428356039e+00,6.000123846401244521e+00,-1.629999999999999893e+00
6.861950011031228591e+00,6.043445373787682762e+00,-1.629999999999999893e+00
6.806099137881517436e+00,6.008522743994398674e+00,-1.629999999999999893e+00
6.806095483486429565e+00,6.037183795812254949e+00,-1.629999999999999893e+00
6.751117297042320331e+00,6.002578258998861216e+00,-1.629999999999999893e+00
6.751085058940401673e+00,6.045244877889055068e+00,-1.629999999999999893e+00
6.696950904243516689e+00,6.010832720978460664e+00,-1.629999999999999893e+00
6.696892702017692045e+00,6.053186082500615406e+00,-1.629999999999999893e+00
6.643583698327007347e+00,6.018965394199510932e+00,-1.629999999999999893e+00
6.643500299009076571e+00,6.061010063981973950e+00,-1.629999999999999893e+00
6.590998121660728515e+00,6.026978954284264667e+00,-1.629999999999999893e+00
6.590890267053942431e+00,6.068719398879006022e+00,-1.629999999999999893e+00
6.539177127180478166e+00,6.034875999049109652e+00,-1.629999999999999893e+00
6.539089412786016631e+00,6.062498701757138342e+00,-1.629999999999999893e+00
6.488155672982734323e+00,6.028952632982428561e+00,-1.629999999999999893e+00
6.488052630818748945e+00,6.056369761082700087e+00,-1.629999999999999893e+00
6.437881052984865349e+00,6.023115971076311581e+00,-1.629999999999999893e+00
6.437763139603367435e+00,6.050330561581359845e+00,-1.629999999999999893e+00
6.388336988481196244e+00,6.017364123444743917e+00,-1.629999999999999893e+00
6.388204645456951880e+00,6.044379146565955097e+00,-1.629999999999999893e+00
6.339507670454906929e+00,6.011695254730514471e+00,-1.629999999999999893e+00
6.339361324961589439e+00,6.038513615822838965e+00,-1.629999999999999893e+00
6.291377742759457270e+00,6.006107582152656832e+00,-1.629999999999999893e+00
6.291137804314656634e+00,6.046050468128940203e+00,-1.629999999999999893e+00
6.243845737191158207e+00,6.013814129948467979e+00,-1.629999999999999893e+00
6.243672561123089437e+00,6.040255615447149395e+00,-1.629999999999999893e+00
6.197063853257215094e+00,6.008289572195225858e+00,-1.629999999999999893e+00
6.196877871748084132e+00,6.034542628154032862e+00,-1.629999999999999893e+00
6.150938038180280287e+00,6.002842490806463260e+00,-1.629999999999999893e+00
6.150739626225347756e+00,6.028909783617211637e+00,-1.629999999999999893e+00
6.105454587000970434e+00,5.997471267338601031e+00,-1.629999999999999893e+00
6.105033503900388681e+00,6.049254859315322363e+00,-1.629999999999999893e+00
6.060377978866520188e+00,6.017877870593723699e+00,-1.629999999999999893e+00
6.060155653358616945e+00,6.043596513286733973e+00,-1.629999999999999893e+00
6.016128268861090866e+00,6.012475590241794343e+00,-1.629999999999999893e+00
6.016011432755109745e+00,6.025243897909612123e+00,-1.629999999999999893e+00
5.972604686072095603e+00,5.994470288734713215e+00,-1.629999999999999893e+00
5.929938513734202665e+00,5.951552036249693423e+00,-1.629999999999999893e+00
5.887749993530674963e+00,5.921730921377254653e+00,-1.629999999999999893e+00
5.888280443549038345e+00,5.871819451817607671e+00,-1.629999999999999893e+00
5.846974153727487078e+00,5.818024777982425455e+00,-1.629999999999999893e+00
5.848757432192135397e+00,5.657473343800231369e+00,-1.629999999999999893e+00
5.890264250520127476e+00,5.685157715890529317e+00,-1.629999999999999893e+00
5.891187130446907894e+00,5.598321460299907848e+00,-1.629999999999999893e+00
5.933242725173079712e+00,5.625756742132081101e+00,-1.629999999999999893e+00
5.933748882465319063e+00,5.575849626033291706e+00,-1.629999999999999893e+00
5.976379275885471465e+00,5.603304226944854527e+00,-1.629999999999999893e+00
5.976621639686475973e+00,5.578187724689766647e+00,-1.629999999999999893e+00
6.019849117035435349e+00,5.605846715732148766e+00,-1.629999999999999893e+00
6.020080522786113164e+00,5.580557788170014355e+00,-1.629999999999999893e+00
6.063917512171421720e+00,5.608424213085335452e+00,-1.629999999999999893e+00
6.064137634136649524e+00,5.582960476486173107e+00,-1.629999999999999893e+00
6.108596909597532765e+00,5.611037447087896091e+00,-1.629999999999999893e+00
6.108909616610107562e+00,5.572581635574248793e+00,-1.629999999999999893e+00
6.153998387302239692e+00,5.600774900207635909e+00,-1.629999999999999893e+00
6.154194864133837761e+00,5.574961843219522706e+00,-1.629999999999999893e+00
6.199932373415328435e+00,5.603370714501251015e+00,-1.629999999999999893e+00
6.200208564576860759e+00,5.564383709540482670e+00,-1.629999999999999893e+00
6.246602401204371269e+00,5.592911332330002594e+00,-1.629999999999999893e+00
6.246773812920588753e+00,5.566739237887557756e+00,-1.629999999999999893e+00
6.293844352057385905e+00,5.595487708308083619e+00,-1.629999999999999893e+00
6.294002693813015803e+00,5.569128336447096039e+00,-1.629999999999999893e+00
6.341764618364662986e+00,5.598101076739068205e+00,-1.629999999999999893e+00
6.341981901536915878e+00,5.558283119651579618e+00,-1.629999999999999893e+00
6.390443427998797610e+00,5.587379146174567879e+00,-1.629999999999999893e+00
6.390639846458338269e+00,5.547284481146884438e+00,-1.629999999999999893e+00
6.439816098898131003e+00,5.576504386640697142e+00,-1.629999999999999893e+00
6.439932740183143878e+00,5.549583397968864240e+00,-1.629999999999999893e+00
6.489846603740804909e+00,5.579035206867517971e+00,-1.629999999999999893e+00
6.489999463509236399e+00,5.538362770552551773e+00,-1.629999999999999893e+00
6.540659853527397871e+00,5.567941132456045494e+00,-1.629999999999999893e+00
6.540746580476752392e+00,5.540629392424433419e+00,-1.629999999999999893e+00
6.592177774577480776e+00,5.570445490570151925e+00,-1.629999999999999893e+00
6.592248873484718885e+00,5.542929744262320213e+00,-1.629999999999999893e+00
6.644468335073429266e+00,5.572987407767116430e+00,-1.629999999999999893e+00
6.644523325742961006e+00,5.545264584621921955e+00,-1.629999999999999893e+00
6.697549047816464984e+00,5.575567735368675670e+00,-1.629999999999999893e+00
6.697606617196735890e+00,5.533674891227630788e+00,-1.629999999999999893e+00
6.751448594094073385e+00,5.564111841782038326e+00,-1.629999999999999893e+00
6.751480479060360196e+00,5.521912592322162361e+00,-1.629999999999999893e+00
6.806157284590867995e+00,5.552483971421720454e+00,-1.629999999999999893e+00
6.806160898652941604e+00,5.524139247374920458e+00,-1.629999999999999893e+00
6.861700766158454812e+00,5.554964823097334303e+00,-1.629999999999999893e+00
6.861686191250114142e+00,5.526400306712766053e+00,-1.629999999999999893e+00
6.918109423713087125e+00,5.557484317890675207e+00,-1.629999999999999893e+00
6.918076090640910003e+00,5.528696573920271362e+00,-1.629999999999999893e+00
6.975403630617633688e+00,5.560043365778753355e+00,-1.629999999999999893e+00
6.975324622854309986e+00,5.516528881642302373e+00,-1.629999999999999893e+00
7.033568079583703003e+00,5.548018034261675169e+00,-1.629999999999999893e+00
7.033422899937075812e+00,5.489567628482884487e+00,-1.629999999999999893e+00
7.092593615625490955e+00,5.521073092731502818e+00,-1.629999999999999893e+00
7.092500481323924078e+00,5.491624142024687849e+00,-1.629999999999999893e+00
7.152641425178293488e+00,5.523399964614714719e+00,-1.629999999999999893e+00
7.152527067804334671e+00,5.493713690802199956e+00,-1.629999999999999893e+00
7.213661969836927312e+00,5.525764530295331767e+00,-1.629999999999999893e+00
7.213525711341238100e+00,5.495837077263193038e+00,-1.629999999999999893e+00
7.275679079118123838e+00,5.528167713174763520e+00,-1.629999999999999893e+00
7.275599634087726031e+00,5.513078807118632518e+00,-1.629999999999999893e+00
7.338808512780653714e+00,5.545829324191689835e+00,-1.629999999999999893e+00
7.338353103707677683e+00,5.469788194326176800e+00,-1.629999999999999893e+00
7.402595981671786340e+00,5.502418686769870781e+00,-1.629999999999999893e+00
7.402286827596477714e+00,5.456446554660912440e+00,-1.629999999999999893e+00
7.467613383681714900e+00,5.489227892104647566e+00,-1.629999999999999893e+00
7.467497907548757752e+00,5.473775284703645383e+00,-1.629999999999999893e+00
7.533961070398022208e+00,5.506991556503935570e+00,-1.629999999999999893e+00
7.533832717144584912e+00,5.491402626694655176e+00,-1.629999999999999893e+00
7.601462217879711325e+00,5.525064043877283559e+00,-1.629999999999999893e+00
7.601178943909339125e+00,5.493614370020855731e+00,-1.629999999999999893e+00
7.669991748439421997e+00,5.527584562309196592e+00,-1.629999999999999893e+00
7.669681076344287085e+00,5.495864074889583506e+00,-1.629999999999999893e+00
7.740047342032494448e+00,5.562168270987864815e+00,-1.629999999999999893e+00
7.740217050613535044e+00,5.578186873253875078e+00,-1.629999999999999893e+00
7.811933385664089791e+00,5.645913683905159353e+00,-1.629999999999999893e+00
7.812672594072381571e+00,5.710706394704581967e+00,-1.629999999999999893e+00
7.885824909902389379e+00,5.780403777332438153e+00,-1.629999999999999893e+00
1.749950905743881435e+01,5.638587360402070869e-01,-1.629999999999999893e+00
1.750372748103044884e+01,5.962810006699943433e-01,-1.629999999999999893e+00
1.716904956699738705e+01,6.172373636843345723e-01,-1.629999999999999893e+00
1.717306127404457072e+01,6.490758125005805512e-01,-1.629999999999999893e+00
1.685068253887887835e+01,6.686627139607124182e-01,-1.629999999999999893e+00
1.653649653382494122e+01,6.568456271315401551e-01,-1.629999999999999893e+00
1.623729668937088277e+01,6.755804772405732406e-01,-1.629999999999999893e+00
1.594539015466907550e+01,6.640605837620857654e-01,-1.629999999999999893e+00
1.566069894371899451e+01,6.239053433487383726e-01,-1.629999999999999893e+00
1.538908393045277911e+01,6.136894262033439906e-01,-1.629999999999999893e+00
1.535646955992847396e+01,3.011137764941997363e-01,-1.629999999999999893e+00
1.562335791577212873e+01,2.769780473676574095e-01,-1.629999999999999893e+00
1.562026039261142607e+01,2.481996394482657020e-01,-1.629999999999999893e+00
1.618238391035113466e+01,1.963248004146655457e-01,-1.629999999999999893e+00
1.093520984196101509e+01,7.431764588655117798e+00,-1.629999999999999893e+00
1.079650985857619183e+01,7.359616307328630036e+00,-1.629999999999999893e+00
1.080775632221046401e+01,7.610867228679646601e+00,-1.629999999999999893e+00
1.067198574766460872e+01,7.537184822870326428e+00,-1.629999999999999893e+00
1.067492219221471217e+01,7.605040755812702002e+00,-1.629999999999999893e+00
1.041301928993641468e+01,7.461294173068737656e+00,-1.629999999999999893e+00
1.028594121501957659e+01,7.370250687426779024e+00,-1.629999999999999893e+00
1.028509260554087135e+01,7.348499230275538530e+00,-1.629999999999999893e+00
1.016032564277182715e+01,7.238490263072865361e+00,-1.629999999999999893e+00
1.009848454141250862e+01,5.596263614069692416e+00,-1.629999999999999893e+00
1.021852334519254946e+01,5.642203872535187514e+00,-1.629999999999999893e+00
1.021526190646422094e+01,5.558607063248242497e+00,-1.629999999999999893e+00
1.033800546713553281e+01,5.604601430475360857e+00,-1.629999999999999893e+00
1.033715161725412202e+01,5.583467500502379721e+00,-1.629999999999999893e+00
1.046370881914392115e+01,5.651704888305103758e+00,-1.629999999999999893e+00
1.059435753808952896e+01,5.743337027181226517e+00,-1.629999999999999893e+00
1.072738470978057279e+01,5.815330219878947382e+00,-1.629999999999999893e+00
1.077017763735898548e+01,6.771342956950721970e+00,-1.629999999999999893e+00
1.090972442273806209e+01,6.881139576038024508e+00,-1.629999999999999893e+00
1.077219081372116349e+01,6.816318198260845840e+00,-1.629999999999999893e+00
1.078938596480406531e+01,7.200465401581117142e+00,-1.629999999999999893e+00
1.092987423773919531e+01,7.316486236109466468e+00,-1.629999999999999893e+00
4.771220249139527247e+00,1.511201268657483165e+00,-1.629999999999999893e+00
4.745276930089782574e+00,1.512197578813498255e+00,-1.629999999999999893e+00
4.744150033514138443e+00,1.557366626239079066e+00,-1.629999999999999893e+00
4.667933022709710222e+00,1.559581837710894980e+00,-1.629999999999999893e+00
4.667702893351505899e+00,1.568479180826191532e+00,-1.629999999999999893e+00
4.642827286906332063e+00,1.569155673524702976e+00,-1.629999999999999893e+00
4.642595662615179641e+00,1.578008439205458524e+00,-1.629999999999999893e+00
4.593614315025161154e+00,1.579248888747003754e+00,-1.629999999999999893e+00
4.546110847692745871e+00,1.563122541771194252e+00,-1.629999999999999893e+00
4.499111735996904393e+00,1.564488548785834876e+00,-1.629999999999999893e+00
4.476208395313176602e+00,1.556624221246692308e+00,-1.629999999999999893e+00
4.430616554718395328e+00,1.558034534270178462e+00,-1.629999999999999893e+00
4.364648676467004940e+00,1.535126143879599780e+00,-1.629999999999999893e+00
4.364894328554150604e+00,1.526805541979469494e+00,-1.629999999999999893e+00
4.343591780372392464e+00,1.511087611045212054e+00,-1.629999999999999893e+00
4.345316072369517002e+00,1.453197192102592572e+00,-1.629999999999999893e+00
4.324235310566032275e+00,1.437942492940786465e+00,-1.629999999999999893e+00
4.327195764773115627e+00,1.339408420887601814e+00,-1.629999999999999893e+00
4.306337183385492651e+00,1.324821136054124215e+00,-1.629999999999999893e+00
4.311518201345452717e+00,1.153841682643141020e+00,-1.629999999999999893e+00
4.290885010381312092e+00,1.140284488772116411e+00,-1.629999999999999893e+00
4.295323074929588536e+00,9.950433181809990035e-01,-1.629999999999999893e+00
4.274908741193625517e+00,9.823652788898359356e-01,-1.629999999999999893e+00
4.279098900041133469e+00,8.463591232543234977e-01,-1.629999999999999893e+00
4.258898700144751359e+00,8.344975072063837152e-01,-1.629999999999999893e+00
4.264808436185361096e+00,6.442184735978416787e-01,-1.629999999999999893e+00
4.244823509862986732e+00,6.334317164927918409e-01,-1.629999999999999893e+00
4.249987139569006978e+00,4.684887548819666736e-01,-1.629999999999999893e+00
4.230211349982693214e+00,4.586303254144263319e-01,-1.629999999999999893e+00
4.235368762002120313e+00,2.951649597777908918e-01,-1.629999999999999893e+00
4.215798279872919885e+00,2.862105924291434289e-01,-1.629999999999999893e+00
4.220214573064658303e+00,1.473033779511157548e-01,-1.629999999999999893e+00
4.200843736814387164e+00,1.391164200833478748e-01,-1.629999999999999893e+00
4.204767064994845427e+00,1.664049698925775325e-02,-1.629999999999999893e+00
4.185591122782349238e+00,9.127681360374857028e-03,-1.629999999999999893e+00
4.189757365598797634e+00,-1.199718111421533839e-01,-1.629999999999999893e+00
4.170773578211764310e+00,-1.267900540358659900e-01,-1.629999999999999893e+00
4.174936872137473998e+00,-2.548620421837569094e-01,-1.629999999999999893e+00
4.156141938090335053e+00,-2.610025330983911096e-01,-1.629999999999999893e+00
4.161034813394172360e+00,-4.104436835330597666e-01,-1.629999999999999893e+00
4.142427190929917735e+00,-4.158166021444181237e-01,-1.629999999999999893e+00
4.146825528777643655e+00,-5.492099362215884240e-01,-1.629999999999999893e+00
4.128400873571613339e+00,-5.539041934327160188e-01,-1.629999999999999893e+00
4.134012451329833304e+00,-7.229168515382249360e-01,-1.629999999999999893e+00
4.115770271824054305e+00,-7.267778111922241768e-01,-1.629999999999999893e+00
4.121370549447195053e+00,-8.943031393924193440e-01,-1.629999999999999893e+00
4.103307634110024082e+00,-8.973525242193609586e-01,-1.629999999999999893e+00
4.108168749868828407e+00,-1.041793469438597297e+00,-1.629999999999999893e+00
4.090280498127777165e+00,-1.044151483797487234e+00,-1.629999999999999893e+00
4.096828697455570989e+00,-1.237439660511689077e+00,-1.629999999999999893e+00
4.079115463380252216e+00,-1.238896072236701951e+00,-1.629999999999999893e+00
4.083472025899522073e+00,-1.366657827108321621e+00,-1.629999999999999893e+00
4.065926583808321837e+00,-1.367524227436394124e+00,-1.629999999999999893e+00
4.068828758613440399e+00,-1.452090541043910665e+00,-1.629999999999999893e+00
4.051445709240155679e+00,-1.452570047683859444e+00,-1.629999999999999893e+00
4.069311859269230780e+00,-1.466167584745595720e+00,-1.629999999999999893e+00
4.069553345915638332e+00,-1.473204250985033381e+00,-1.629999999999999893e+00
4.087573847005238292e+00,-1.486948964976219312e+00,-1.629999999999999893e+00
4.089499859640093327e+00,-1.543431743094474617e+00,-1.629999999999999893e+00
4.071965880057034859e+00,-1.543502951955870728e+00,-1.629999999999999893e+00
4.072688814401244528e+00,-1.564568496444171064e+00,-1.629999999999999893e+00
4.055312829275218967e+00,-1.564544963927070098e+00,-1.629999999999999893e+00
4.059650433634883981e+00,-1.690143052547442348e+00,-1.629999999999999893e+00
4.042436642605519381e+00,-1.689562165154858464e+00,-1.629999999999999893e+00
4.046047337624864682e+00,-1.793464306221808302e+00,-1.629999999999999893e+00
4.028991879224683714e+00,-1.792430653365497673e+00,-1.629999999999999893e+00
4.032839548101892824e+00,-1.902476164731201846e+00,-1.629999999999999893e+00
4.015940340700337785e+00,-1.900970039772119868e+00,-1.629999999999999893e+00
4.020023638396788890e+00,-2.017052351217188733e+00,-1.629999999999999893e+00
4.003278611075771209e+00,-2.015055058205756033e+00,-1.629999999999999893e+00
4.007116998173310130e+00,-2.123528302105680776e+00,-1.629999999999999893e+00
3.990523353526930883e+00,-2.121080451183627869e+00,-1.629999999999999893e+00
3.995553151139329628e+00,-2.262393031626683371e+00,-1.629999999999999893e+00
3.979110320675243173e+00,-2.259361286727474827e+00,-1.629999999999999893e+00
3.983175043358235801e+00,-2.372902738793481792e+00,-1.629999999999999893e+00
3.966879227008656361e+00,-2.369414519169525946e+00,-1.629999999999999893e+00
3.972367988253969973e+00,-2.521864363410007304e+00,-1.629999999999999893e+00
3.956218899987701931e+00,-2.517762986841272976e+00,-1.629999999999999893e+00
3.962881730246778478e+00,-2.701787478484678484e+00,-1.629999999999999893e+00
3.979495553853897416e+00,-2.719831849507199806e+00,-1.629999999999999893e+00
3.979732524339627098e+00,-2.726413683189619519e+00,-1.629999999999999893e+00
4.012899281418383701e+00,-2.749733998267613888e+00,-1.629999999999999893e+00
4.097148243526127054e+00,-2.775915949122682136e+00,-1.629999999999999893e+00
4.096914122635018529e+00,-2.769136830053505971e+00,-1.629999999999999893e+00
4.131661502029465360e+00,-2.779875704614688914e+00,-1.629999999999999893e+00
4.131428279692938688e+00,-2.773036162003283067e+00,-1.629999999999999893e+00
4.166799049891204199e+00,-2.783907085717336471e+00,-1.629999999999999893e+00
4.166566797068867345e+00,-2.777006032779550271e+00,-1.629999999999999893e+00
4.220828790557536792e+00,-2.793590009595694035e+00,-1.629999999999999893e+00
4.220598153150119103e+00,-2.786595209786395522e+00,-1.629999999999999893e+00
4.239016016178820401e+00,-2.792192641508765671e+00,-1.629999999999999893e+00
4.238785929265420194e+00,-2.785165188139671066e+00,-1.629999999999999893e+00
4.257373173885650175e+00,-2.790782217132866005e+00,-1.629999999999999893e+00
4.256684502276435467e+00,-2.769597178616034050e+00,-1.629999999999999893e+00
4.275444766680790210e+00,-2.775169907103129940e+00,-1.629999999999999893e+00
4.274528491874265868e+00,-2.746777271885570748e+00,-1.629999999999999893e+00
4.293464932900314501e+00,-2.752272208888129512e+00,-1.629999999999999893e+00
4.292779255058121635e+00,-2.730867161233439422e+00,-1.629999999999999893e+00
4.311893792098000944e+00,-2.736315165596566956e+00,-1.629999999999999893e+00
4.311665825942948338e+00,-2.729144866384365375e+00,-1.629999999999999893e+00
4.330959664318681845e+00,-2.734610776551408495e+00,-1.629999999999999893e+00
4.330505004473201858e+00,-2.720200227694344441e+00,-1.629999999999999893e+00
4.349981427146501822e+00,-2.725650808993295371e+00,-1.629999999999999893e+00
4.349074494354741915e+00,-2.696680454964881068e+00,-1.629999999999999893e+00
4.368737649548356750e+00,-2.702047780345751438e+00,-1.629999999999999893e+00
4.365568553508184735e+00,-2.600010645727080849e+00,-1.629999999999999893e+00
4.385428937972458918e+00,-2.604951486656729820e+00,-1.629999999999999893e+00
4.380902764248530978e+00,-2.458038801402369078e+00,-1.629999999999999893e+00
4.400968489471094536e+00,-2.462333993185875869e+00,-1.629999999999999893e+00
4.396668042303729429e+00,-2.321596522187217015e+00,-1.629999999999999893e+00
4.416942022779933197e+00,-2.325263679404194761e+00,-1.629999999999999893e+00
4.412641763280321427e+00,-2.183350251492722549e+00,-1.629999999999999893e+00
4.433127775232254209e+00,-2.186372294227417967e+00,-1.629999999999999893e+00
4.428374587702172960e+00,-2.028169907090164426e+00,-1.629999999999999893e+00
4.449078242071106359e+00,-2.030456089611719417e+00,-1.629999999999999893e+00
4.443643617628117326e+00,-1.847997036084311429e+00,-1.629999999999999893e+00
4.464571683617810649e+00,-1.849414866230702614e+00,-1.629999999999999893e+00
4.460041657250847003e+00,-1.695976129216670625e+00,-1.629999999999999893e+00
4.481194793318450387e+00,-1.696651983022511745e+00,-1.629999999999999893e+00
4.477119460859670497e+00,-1.557365651420667962e+00,-1.629999999999999893e+00
4.498500004274729847e+00,-1.557356023440160220e+00,-1.629999999999999893e+00
4.493520658178248084e+00,-1.385603170064199308e+00,-1.629999999999999893e+00
4.515136778896536640e+00,-1.384732271723253527e+00,-1.629999999999999893e+00
4.509930789161613163e+00,-1.203473715759315832e+00,-1.629999999999999893e+00
4.531788095548035855e+00,-1.201676571479336930e+00,-1.629999999999999893e+00
4.526354926948335411e+00,-1.010694860379866000e+00,-1.629999999999999893e+00
4.548459249355638612e+00,-1.007903342627233023e+00,-1.629999999999999893e+00
4.542798304173358837e+00,-8.069693862063718193e-01,-1.629999999999999893e+00
4.565155705915232787e+00,-8.031120042909840606e-01,-1.629999999999999893e+00
4.559039194383402993e+00,-5.838420830011273877e-01,-1.629999999999999893e+00
4.581657096430805431e+00,-5.788011731365919621e-01,-1.629999999999999893e+00
4.575991783286553982e+00,-3.736386838595467941e-01,-1.629999999999999893e+00
4.598873376338895369e+00,-3.674639805743506460e-01,-1.629999999999999893e+00
4.594116389854858262e+00,-1.934053403098708601e-01,-1.629999999999999893e+00
4.617262439734311386e+00,-1.862393625636960259e-01,-1.629999999999999893e+00
4.613416720923914305e+00,-4.403112053938346149e-02,-1.629999999999999893e+00
4.636827702119616923e+00,-3.602550116222396487e-02,-1.629999999999999893e+00
4.631857787409535909e+00,1.497450780723664221e-01,-1.629999999999999893e+00
4.655545214631890971e+00,1.588432341437607254e-01,-1.629999999999999893e+00
4.650580356041075447e+00,3.464792626433113032e-01,-1.629999999999999893e+00
4.674549981950272048e+00,3.567025901713660185e-01,-1.629999999999999893e+00
4.670042694024527208e+00,5.289727940603810019e-01,-1.629999999999999893e+00
4.694297751244550732e+00,5.402593238635607920e-01,-1.629999999999999893e+00
4.689121796236427109e+00,7.403739377299543012e-01,-1.629999999999999893e+00
4.713672370351233099e+00,7.529012062881069722e-01,-1.629999999999999893e+00
4.708277712294968609e+00,9.639377027083670946e-01,-1.629999999999999893e+00
4.733131600722385812e+00,9.777937375488230387e-01,-1.629999999999999893e+00
4.727968658522126333e+00,1.182208519657808266e+00,-1.629999999999999893e+00
4.753131033043343834e+00,1.197383995683929170e+00,-1.629999999999999893e+00
4.747302259664171409e+00,1.431016918959464812e+00,-1.629999999999999893e+00
4.772784464777436675e+00,1.447709062632685173e+00,-1.629999999999999893e+00
7.235317311065716517e+00,-2.137697896604630277e+00,-1.629999999999999893e+00
7.178905052245199592e+00,-2.108152265193386388e+00,-1.629999999999999893e+00
7.123259998045555541e+00,-2.103787164871678161e+00,-1.629999999999999893e+00
7.068531856359911991e+00,-2.087225360194003176e+00,-1.629999999999999893e+00
7.014613859943322538e+00,-2.083091800761854628e+00,-1.629999999999999893e+00
6.961555572729118069e+00,-2.066942514284065613e+00,-1.629999999999999893e+00
6.089461236934611499e+00,-2.001638631823517311e+00,-1.629999999999999893e+00
6.089557635631333454e+00,-2.012173459291441091e+00,-1.629999999999999893e+00
5.385124578981550059e+00,-1.958168932062089640e+00,-1.629999999999999893e+00
5.385291628854985468e+00,-1.967451485149712243e+00,-1.629999999999999893e+00
5.354456558860699822e+00,-1.965032614759740115e+00,-1.629999999999999893e+00
5.354795712014555953e+00,-1.983481826525171021e+00,-1.629999999999999893e+00
5.324328996277722048e+00,-1.980983340375619184e+00,-1.629999999999999893e+00
5.326047513150617974e+00,-2.072562138302309176e+00,-1.629999999999999893e+00
5.295962006707436664e+00,-2.069560099939772524e+00,-1.629999999999999893e+00
5.299262592821812667e+00,-2.241974629644863715e+00,-1.629999999999999893e+00
5.269571964492282490e+00,-2.238013489918907695e+00,-1.629999999999999893e+00
5.270449981374429882e+00,-2.283001311903799735e+00,-1.629999999999999893e+00
5.300474990913482287e+00,-2.305307334669695063e+00,-1.629999999999999893e+00
5.300821034739957582e+00,-2.323383816098083532e+00,-1.629999999999999893e+00
5.361545901637086331e+00,-2.350677815673634541e+00,-1.629999999999999893e+00
5.454833195242758670e+00,-2.364931891674829423e+00,-1.629999999999999893e+00
5.454673133432999421e+00,-2.355630362111870379e+00,-1.629999999999999893e+00
5.617865724711884390e+00,-2.380278653866141791e+00,-1.629999999999999893e+00
5.617720437369443154e+00,-2.370689917678319159e+00,-1.629999999999999893e+00
5.755746362822601547e+00,-2.391294148535224817e+00,-1.629999999999999893e+00
5.755614495838092814e+00,-2.381462065487725432e+00,-1.629999999999999893e+00
5.827297332621173886e+00,-2.392036529498142272e+00,-1.629999999999999893e+00
5.827172756675560450e+00,-2.382076828703417970e+00,-1.629999999999999893e+00
5.900731307960938921e+00,-2.392798447687052299e+00,-1.629999999999999893e+00
5.900614455030371630e+00,-2.382707772693924753e+00,-1.629999999999999893e+00
6.133286692819488017e+00,-2.416211321598573658e+00,-1.629999999999999893e+00
6.133195929261174406e+00,-2.405711781766889601e+00,-1.629999999999999893e+00
6.215028585352254886e+00,-2.417351040929657469e+00,-1.629999999999999893e+00
6.214947559097883101e+00,-2.406705840146142084e+00,-1.629999999999999893e+00
6.429753209708278128e+00,-2.436879539432763586e+00,-1.629999999999999893e+00
6.429699209192174081e+00,-2.425856478721249321e+00,-1.629999999999999893e+00
6.612905363921441015e+00,-2.451268373943435108e+00,-1.629999999999999893e+00
6.612876046909806682e+00,-2.439922496968398580e+00,-1.629999999999999893e+00
6.807179740049796202e+00,-2.466530994575903524e+00,-1.629999999999999893e+00
6.807178249762797506e+00,-2.454842824040559091e+00,-1.629999999999999893e+00
7.121743857331408911e+00,-2.497365355924420438e+00,-1.629999999999999893e+00
7.121791009277101736e+00,-2.485125082103426752e+00,-1.629999999999999893e+00
7.177155080428260447e+00,-2.492511413547594312e+00,-1.629999999999999893e+00
7.177211266740638251e+00,-2.480170801564492766e+00,-1.629999999999999893e+00
7.233475148085663164e+00,-2.487577857711983587e+00,-1.629999999999999893e+00
3.674392316757590038e+00,-1.412259703371650188e+00,-1.629999999999999893e+00
3.659838037960379875e+00,-1.400228581553004892e+00,-1.629999999999999893e+00
3.631562723479359267e+00,-1.388973273241873807e+00,-1.629999999999999893e+00
3.617341411969562603e+00,-1.377171061536959673e+00,-1.629999999999999893e+00
3.589721303254370888e+00,-1.366224112345800767e+00,-1.629999999999999893e+00
3.576320413601496551e+00,-1.366983447809100083e+00,-1.629999999999999893e+00
3.483639017313226560e+00,-1.330090571139918687e+00,-1.629999999999999893e+00
3.471044797230494527e+00,-1.330964973954712027e+00,-1.629999999999999893e+00
3.445642945104179677e+00,-1.320809764291470234e+00,-1.629999999999999893e+00
3.421115026765327194e+00,-1.322602294565111691e+00,-1.629999999999999893e+00
3.421364721970833855e+00,-1.328500017515618969e+00,-1.629999999999999893e+00
3.397202665513808562e+00,-1.330221679660382739e+00,-1.629999999999999893e+00
3.385006776705044462e+00,-1.325241129645493121e+00,-1.629999999999999893e+00
3.326582855965128704e+00,-1.329510821234659801e+00,-1.629999999999999893e+00
3.314903828402556041e+00,-1.324641088171005121e+00,-1.629999999999999893e+00
3.303556794555806864e+00,-1.325491074180476847e+00,-1.629999999999999893e+00
3.292042735237653339e+00,-1.320670375930464768e+00,-1.629999999999999893e+00
3.280858738665421992e+00,-1.321528588296368545e+00,-1.629999999999999893e+00
3.269506153378129554e+00,-1.316756027618069202e+00,-1.629999999999999893e+00
3.258481729217471479e+00,-1.317622148709900909e+00,-1.629999999999999893e+00
3.258730356458258370e+00,-1.323226626303175335e+00,-1.629999999999999893e+00
3.226124112683181000e+00,-1.325728690876668558e+00,-1.629999999999999893e+00
3.215160306602376394e+00,-1.321025646009015064e+00,-1.629999999999999893e+00
3.193953961251696061e+00,-1.322691697924401000e+00,-1.629999999999999893e+00
3.194201787068475351e+00,-1.328178274477130438e+00,-1.629999999999999893e+00
3.183709287499634222e+00,-1.328983424301798610e+00,-1.629999999999999893e+00
3.183956931365523602e+00,-1.334450086008541758e+00,-1.629999999999999893e+00
3.173537130768878445e+00,-1.335230614633753143e+00,-1.629999999999999893e+00
3.162942085096856371e+00,-1.330577011155316347e+00,-1.629999999999999893e+00
3.152665880495635342e+00,-1.331365563423404730e+00,-1.629999999999999893e+00
3.152913057051450529e+00,-1.336775527106465855e+00,-1.629999999999999893e+00
3.142707303016083475e+00,-1.337540021886628683e+00,-1.629999999999999893e+00
3.143201230141227764e+00,-1.348320497398612705e+00,-1.629999999999999893e+00
3.133065027848558781e+00,-1.349042750316528982e+00,-1.629999999999999893e+00
3.133558489651958823e+00,-1.359783340951386421e+00,-1.629999999999999893e+00
3.093696900355040746e+00,-1.362478126273835022e+00,-1.629999999999999893e+00
3.094188833925029414e+00,-1.373070473348506626e+00,-1.629999999999999893e+00
3.084390753342714842e+00,-1.373697105005782904e+00,-1.629999999999999893e+00
3.085127863195995079e+00,-1.389526821058355566e+00,-1.629999999999999893e+00
3.105283459559851078e+00,-1.398998068572064657e+00,-1.629999999999999893e+00
3.115215865212785928e+00,-1.398453359878082614e+00,-1.629999999999999893e+00
3.135777432917699503e+00,-1.408080415000722230e+00,-1.629999999999999893e+00
3.176751468817068158e+00,-1.405982535424920243e+00,-1.629999999999999893e+00
3.187420404464368140e+00,-1.410905182902796762e+00,-1.629999999999999893e+00
3.240637323354822907e+00,-1.408277312043459073e+00,-1.629999999999999893e+00
3.251755639323150593e+00,-1.413312586285022432e+00,-1.629999999999999893e+00
3.262703672984637038e+00,-1.412791886218660364e+00,-1.629999999999999893e+00
3.273978237398826874e+00,-1.417878695787810006e+00,-1.629999999999999893e+00
3.285083981507109563e+00,-1.417370693524064640e+00,-1.629999999999999893e+00
3.296518134942052036e+00,-1.422510001273042501e+00,-1.629999999999999893e+00
3.319133679889238575e+00,-1.421516634139083912e+00,-1.629999999999999893e+00
3.330813664016992082e+00,-1.426726570103684200e+00,-1.629999999999999893e+00
3.353928410158081519e+00,-1.425753290916224492e+00,-1.629999999999999893e+00
3.353679658094655291e+00,-1.419999233632491364e+00,-1.629999999999999893e+00
3.400942235912678413e+00,-1.417923268114958057e+00,-1.629999999999999893e+00
3.413227875576170245e+00,-1.423256402775353591e+00,-1.629999999999999893e+00
3.425354857651345508e+00,-1.422745778986174603e+00,-1.629999999999999893e+00
3.463035617792608267e+00,-1.439038342620551081e+00,-1.629999999999999893e+00
3.526496846119888673e+00,-1.436712063739756351e+00,-1.629999999999999893e+00
3.526247739834532879e+00,-1.430648468550444141e+00,-1.629999999999999893e+00
3.552325074383951176e+00,-1.429645202458701192e+00,-1.629999999999999893e+00
3.565765882758121119e+00,-1.435272590647152402e+00,-1.629999999999999893e+00
3.579061305983073815e+00,-1.434785224375262347e+00,-1.629999999999999893e+00
3.592710520480166370e+00,-1.440476454297725972e+00,-1.629999999999999893e+00
3.619830748569325962e+00,-1.439531552704235384e+00,-1.629999999999999893e+00
3.633801898410225828e+00,-1.445309065170025331e+00,-1.629999999999999893e+00
3.633553256652653829e+00,-1.439053443902495566e+00,-1.629999999999999893e+00
3.647385763075688292e+00,-1.438571502625375365e+00,-1.629999999999999893e+00
3.647137170489532565e+00,-1.432289788184261337e+00,-1.629999999999999893e+00
3.661081100667670007e+00,-1.431778649790888203e+00,-1.629999999999999893e+00
3.660832566434437219e+00,-1.425470623677726589e+00,-1.629999999999999893e+00
3.674889289005757398e+00,-1.424929823271530172e+00,-1.629999999999999893e+00
4.771667412078762993e+00,1.493050726765074110e+00,-1.629999999999999893e+00
4.745727345763550709e+00,1.494143706462333299e+00,-1.629999999999999893e+00
4.744375510880781022e+00,1.548328886585452535e+00,-1.629999999999999893e+00
4.718701429313664875e+00,1.549123074561365110e+00,-1.629999999999999893e+00
4.718474372194468636e+00,1.558112877225591442e+00,-1.629999999999999893e+00
4.667933022709710222e+00,1.559581837710894980e+00,-1.629999999999999893e+00
4.667702893351505899e+00,1.568479180826191532e+00,-1.629999999999999893e+00
4.642827286906332063e+00,1.569155673524702976e+00,-1.629999999999999893e+00
4.642595662615179641e+00,1.578008439205458524e+00,-1.629999999999999893e+00
4.593614315025161154e+00,1.579248888747003754e+00,-1.629999999999999893e+00
4.569737770010723565e+00,1.571143344644466033e+00,-1.629999999999999893e+00
4.545873904371826590e+00,1.571792323028111005e+00,-1.629999999999999893e+00
4.522491516164162562e+00,1.563809026502180899e+00,-1.629999999999999893e+00
4.475967881221325051e+00,1.565161214009250568e+00,-1.629999999999999893e+00
4.453298047286498473e+00,1.557332917403133399e+00,-1.629999999999999893e+00
4.430616554718395328e+00,1.558034534270178462e+00,-1.629999999999999893e+00
4.386416103068947692e+00,1.542685227476245258e+00,-1.629999999999999893e+00
4.343591780372392464e+00,1.511087611045212054e+00,-1.629999999999999893e+00
4.345316072369517002e+00,1.453197192102592572e+00,-1.629999999999999893e+00
4.324235310566032275e+00,1.437942492940786465e+00,-1.629999999999999893e+00
4.327934780050322949e+00,1.314811457219505764e+00,-1.629999999999999893e+00
4.307078640163978456e+00,1.300352223633242543e+00,-1.629999999999999893e+00
4.311764383227696840e+00,1.145717402049822198e+00,-1.629999999999999893e+00
4.291131979268357099e+00,1.132202125421194250e+00,-1.629999999999999893e+00
4.294584480642880564e+00,1.019214732910644683e+00,-1.629999999999999893e+00
4.274167864844698350e+00,1.006412993471971884e+00,-1.629999999999999893e+00
4.278360464173297295e+00,8.703276235481678391e-01,-1.629999999999999893e+00
4.258158058423888725e+00,8.583443575441340734e-01,-1.629999999999999893e+00
4.263333563272891702e+00,6.917057709241173358e-01,-1.629999999999999893e+00
4.243344369722703568e+00,6.806802159526350593e-01,-1.629999999999999893e+00
4.248022488739495728e+00,5.312460292799959793e-01,-1.629999999999999893e+00
4.228241197772369731e+00,5.210747549475279738e-01,-1.629999999999999893e+00
4.233406460131500459e+00,3.573605709800988239e-01,-1.629999999999999893e+00
4.213830658061867851e+00,3.480988894811926082e-01,-1.629999999999999893e+00
4.218744142317878421e+00,1.935533505526048637e-01,-1.629999999999999893e+00
4.199369449034453972e+00,1.851397830161097546e-01,-1.629999999999999893e+00
4.202806872769327740e+00,7.783251081517526815e-02,-1.629999999999999893e+00
4.183625962812234533e+00,7.002215295155118924e-02,-1.629999999999999893e+00
4.187798425176108452e+00,-5.927006485568921124e-02,-1.629999999999999893e+00
4.168809838075624441e+00,-6.638113073402256148e-02,-1.629999999999999893e+00
4.171999437682222478e+00,-1.645001610744447618e-01,-1.629999999999999893e+00
4.153197550979142783e+00,-1.710732849778666964e-01,-1.629999999999999893e+00
4.157611692338903708e+00,-3.058926543712759405e-01,-1.629999999999999893e+00
4.138996231868311781e+00,-3.117620515040174234e-01,-1.629999999999999893e+00
4.145361024235043601e+00,-5.047942613753411134e-01,-1.629999999999999893e+00
4.126933121479247291e+00,-5.096976096056046179e-01,-1.629999999999999893e+00
4.132550820825359850e+00,-6.788946411416822979e-01,-1.629999999999999893e+00
4.114305501184701619e+00,-6.829610223456259455e-01,-1.629999999999999893e+00
4.120641395582566702e+00,-8.724914099211087404e-01,-1.629999999999999893e+00
4.102576961685476142e+00,-8.756416617581275208e-01,-1.629999999999999893e+00
4.107926107701273644e+00,-1.034583712302457492e+00,-1.629999999999999893e+00
4.090037366781374750e+00,-1.036974791046426425e+00,-1.629999999999999893e+00
4.095618441618312566e+00,-1.201715619072008634e+00,-1.629999999999999893e+00
4.077902841835440384e+00,-1.203334398124350724e+00,-1.629999999999999893e+00
4.080811331057232927e+00,-1.288629555799204907e+00,-1.629999999999999893e+00
4.063260867501485407e+00,-1.289848065133905708e+00,-1.629999999999999893e+00
4.064957829719646476e+00,-1.339295754800299276e+00,-1.629999999999999893e+00
4.030332742546352875e+00,-1.341257718318510817e+00,-1.629999999999999893e+00
4.030575855292285681e+00,-1.348253583294015234e+00,-1.629999999999999893e+00
3.914106653295728044e+00,-1.354640936884425440e+00,-1.629999999999999893e+00
3.897795319274847348e+00,-1.348767694768680636e+00,-1.629999999999999893e+00
3.881867336970468152e+00,-1.349670223043728967e+00,-1.629999999999999893e+00
3.849924040329938180e+00,-1.338113028966119167e+00,-1.629999999999999893e+00
3.834398343728906422e+00,-1.339049348028839903e+00,-1.629999999999999893e+00
3.818756238449734663e+00,-1.333362893676877103e+00,-1.629999999999999893e+00
3.803490460895411207e+00,-1.334311369287998872e+00,-1.629999999999999893e+00
3.788104558222330720e+00,-1.328691418014833703e+00,-1.629999999999999893e+00
3.743439590010587459e+00,-1.331547945149671675e+00,-1.629999999999999893e+00
3.728547654055451854e+00,-1.326031127777935748e+00,-1.629999999999999893e+00
3.699618828662413428e+00,-1.327934030359649853e+00,-1.629999999999999893e+00
3.729541398783154715e+00,-1.351838225848482677e+00,-1.629999999999999893e+00
3.744432545672343515e+00,-1.357457699370083759e+00,-1.629999999999999893e+00
3.759692637402110460e+00,-1.369623511453343934e+00,-1.629999999999999893e+00
3.820980472628311198e+00,-1.392857556181031908e+00,-1.629999999999999893e+00
3.836866814425282435e+00,-1.405418484086448316e+00,-1.629999999999999893e+00
3.868538016262267565e+00,-1.417479629257355711e+00,-1.629999999999999893e+00
3.884327332342148775e+00,-1.416872171259501600e+00,-1.629999999999999893e+00
3.983441140121850133e+00,-1.454445935034741177e+00,-1.629999999999999893e+00
4.000217183375267993e+00,-1.453983172491798426e+00,-1.629999999999999893e+00
4.052171618897957295e+00,-1.473589222779399632e+00,-1.629999999999999893e+00
4.088055605103038559e+00,-1.501077135919832495e+00,-1.629999999999999893e+00
4.088777923491539568e+00,-1.522260044344282415e+00,-1.629999999999999893e+00
4.071242564763378979e+00,-1.522426307002373358e+00,-1.629999999999999893e+00
4.071483712207565553e+00,-1.529453089246789244e+00,-1.629999999999999893e+00
4.054105516420563049e+00,-1.529586453574735438e+00,-1.629999999999999893e+00
4.057724292662359566e+00,-1.634370417585131907e+00,-1.629999999999999893e+00
4.040507088701952298e+00,-1.634036904558038517e+00,-1.629999999999999893e+00
4.044604187809995643e+00,-1.751935914917093884e+00,-1.629999999999999893e+00
4.027546260436388081e+00,-1.751085136410992504e+00,-1.629999999999999893e+00
4.032118919278853575e+00,-1.881865771823934663e+00,-1.629999999999999893e+00
4.015218520932602786e+00,-1.880449736499022695e+00,-1.629999999999999893e+00
4.018583834472043037e+00,-1.976120785596225282e+00,-1.629999999999999893e+00
4.001836511175409505e+00,-1.974301155526090090e+00,-1.629999999999999893e+00
4.006398098425133725e+00,-2.103212115712298491e+00,-1.629999999999999893e+00
3.989803346834560394e+00,-2.100851803537053808e+00,-1.629999999999999893e+00
3.994357204521604476e+00,-2.228792812364129183e+00,-1.629999999999999893e+00
3.977912594137603008e+00,-2.225904733632095844e+00,-1.629999999999999893e+00
3.982458585583579236e+00,-2.352889649974660546e+00,-1.629999999999999893e+00
3.966161739809242803e+00,-2.349486377480227262e+00,-1.629999999999999893e+00
3.971414940049916797e+00,-2.495393536247329624e+00,-1.629999999999999893e+00
3.955264527030698751e+00,-2.491403618311465618e+00,-1.629999999999999893e+00
3.961456594678077980e+00,-2.662425850114221504e+00,-1.629999999999999893e+00
3.945451548327808755e+00,-2.657754031774315351e+00,-1.629999999999999893e+00
3.946165253766479086e+00,-2.677357569159285244e+00,-1.629999999999999893e+00
3.962644306436178709e+00,-2.695229935466054716e+00,-1.629999999999999893e+00
3.963356459405818377e+00,-2.714899292648292661e+00,-1.629999999999999893e+00
3.979969455251750166e+00,-2.732994417718693114e+00,-1.629999999999999893e+00
3.980206346600178247e+00,-2.739574053369734585e+00,-1.629999999999999893e+00
3.996719261446868288e+00,-2.751238558680171309e+00,-1.629999999999999893e+00
3.996482759342294688e+00,-2.744632255012216859e+00,-1.629999999999999893e+00
4.097148243526127054e+00,-2.775915949122682136e+00,-1.629999999999999893e+00
4.096914122635018529e+00,-2.769136830053505971e+00,-1.629999999999999893e+00
4.149267543999916263e+00,-2.785316951682369702e+00,-1.629999999999999893e+00
4.149034817639718042e+00,-2.778447390817786022e+00,-1.629999999999999893e+00
4.202809148302580233e+00,-2.794974501851374526e+00,-1.629999999999999893e+00
4.202577980291634319e+00,-2.788012053555639191e+00,-1.629999999999999893e+00
4.220828790557536792e+00,-2.793590009595694035e+00,-1.629999999999999893e+00
4.220598153150119103e+00,-2.786595209786395522e+00,-1.629999999999999893e+00
4.239016016178820401e+00,-2.792192641508765671e+00,-1.629999999999999893e+00
4.238555801281682633e+00,-2.778136480375498873e+00,-1.629999999999999893e+00
4.257143657846135909e+00,-2.783721803907938774e+00,-1.629999999999999893e+00
4.256684502276435467e+00,-2.769597178616034050e+00,-1.629999999999999893e+00
4.275444766680790210e+00,-2.775169907103129940e+00,-1.629999999999999893e+00
4.274757622501372367e+00,-2.753877349576561606e+00,-1.629999999999999893e+00
4.293693409416175832e+00,-2.759404641072825015e+00,-1.629999999999999893e+00
4.293007855732531297e+00,-2.738003469319381988e+00,-1.629999999999999893e+00
4.312121716774822033e+00,-2.743484160179529230e+00,-1.629999999999999893e+00
4.311665825942948338e+00,-2.729144866384365375e+00,-1.629999999999999893e+00
4.330959664318681845e+00,-2.734610776551408495e+00,-1.629999999999999893e+00
4.330505004473201858e+00,-2.720200227694344441e+00,-1.629999999999999893e+00
4.349981427146501822e+00,-2.725650808993295371e+00,-1.629999999999999893e+00
4.349301290054561342e+00,-2.703925039983320566e+00,-1.629999999999999893e+00
4.368963700078490220e+00,-2.709326054049485677e+00,-1.629999999999999893e+00
4.365795189539021237e+00,-2.607307771120167761e+00,-1.629999999999999893e+00
4.385654805250728927e+00,-2.612282793492433974e+00,-1.629999999999999893e+00
4.382035886482605669e+00,-2.494818218252662589e+00,-1.629999999999999893e+00
4.402097647598666619e+00,-2.499287094351272831e+00,-1.629999999999999893e+00
4.398480621251759537e+00,-2.380915417921321442e+00,-1.629999999999999893e+00
4.418748060426803903e+00,-2.384864964728392600e+00,-1.629999999999999893e+00
4.414227860866185793e+00,-2.235693266009037394e+00,-1.629999999999999893e+00
4.434707970548391387e+00,-2.238966615317005360e+00,-1.629999999999999893e+00
4.429508017261685637e+00,-2.065894331138669049e+00,-1.629999999999999893e+00
4.450207324615166549e+00,-2.068363277956492219e+00,-1.629999999999999893e+00
4.444551119879223577e+00,-1.878465011111385419e+00,-1.629999999999999893e+00
4.465475600337335038e+00,-1.880031871204726146e+00,-1.629999999999999893e+00
4.460722272992697413e+00,-1.719029597642991680e+00,-1.629999999999999893e+00
4.481872635794452719e+00,-1.719819219767282581e+00,-1.629999999999999893e+00
4.477572977616893546e+00,-1.572865904730728959e+00,-1.629999999999999893e+00
4.498951614144290900e+00,-1.572933427020311692e+00,-1.629999999999999893e+00
4.493974209529220332e+00,-1.401247541267233165e+00,-1.629999999999999893e+00
4.515588363648737058e+00,-1.400455237815507070e+00,-1.629999999999999893e+00
4.510384418435467779e+00,-1.219267866594923477e+00,-1.629999999999999893e+00
4.532239696559808628e+00,-1.217550832029173469e+00,-1.629999999999999893e+00
4.527262248235423669e+00,-1.042588178016751188e+00,-1.629999999999999893e+00
4.549362386594328456e+00,-1.039959992659621468e+00,-1.629999999999999893e+00
4.543479108723881055e+00,-8.311343882477667533e-01,-1.629999999999999893e+00
4.565833273628541633e+00,-8.274020294781737617e-01,-1.629999999999999893e+00
4.560628144597683509e+00,-6.408041252707825652e-01,-1.629999999999999893e+00
4.583238255327242605e+00,-6.360609374029460028e-01,-1.629999999999999893e+00
4.577580963213551790e+00,-4.311889200830978375e-01,-1.629999999999999893e+00
4.600454517819780875e+00,-4.253181151512944180e-01,-1.629999999999999893e+00
4.595250855191395978e+00,-2.349155473637918046e-01,-1.629999999999999893e+00
4.618390980530325152e+00,-2.279709114798343372e-01,-1.629999999999999893e+00
4.613643311820590398e+00,-5.241007247624768217e-02,-1.629999999999999893e+00
4.637053070297296742e+00,-4.444954450122774042e-02,-1.629999999999999893e+00
4.631631343823530145e+00,1.582093191288548306e-01,-1.629999999999999893e+00
4.655320032912709571e+00,1.673534872970380560e-01,-1.629999999999999893e+00
4.650580356041075447e+00,3.464792626433113032e-01,-1.629999999999999893e+00
4.674549981950272048e+00,3.567025901713660185e-01,-1.629999999999999893e+00
4.670042694024527208e+00,5.289727940603810019e-01,-1.629999999999999893e+00
4.694297751244550732e+00,5.402593238635607920e-01,-1.629999999999999893e+00
4.689121796236427109e+00,7.403739377299543012e-01,-1.629999999999999893e+00
4.713672370351233099e+00,7.529012062881069722e-01,-1.629999999999999893e+00
4.708277712294968609e+00,9.639377027083670946e-01,-1.629999999999999893e+00
4.733131600722385812e+00,9.777937375488230387e-01,-1.629999999999999893e+00
4.727068143219499419e+00,1.217862344983032141e+00,-1.629999999999999893e+00
4.752236436229172689e+00,1.233241843510894720e+00,-1.629999999999999893e+00
4.746852528674435412e+00,1.449043347332074294e+00,-1.629999999999999893e+00
4.772337790129271617e+00,1.465839784574084259e+00,-1.629999999999999893e+00
3.762664660618723289e+00,-1.447549419842637297e+00,-1.629999999999999893e+00
3.747407567257352579e+00,-1.435086621825542252e+00,-1.629999999999999893e+00
3.747159868834682328e+00,-1.428623286654216784e+00,-1.629999999999999893e+00
3.732022965286839522e+00,-1.416283377952388678e+00,-1.629999999999999893e+00
3.717253246294200508e+00,-1.410454983111321781e+00,-1.629999999999999893e+00
3.702353200412845879e+00,-1.398283840294896718e+00,-1.629999999999999893e+00
3.535245220439251046e+00,-1.332627888159849450e+00,-1.629999999999999893e+00
3.522256903946051843e+00,-1.333505944586262482e+00,-1.629999999999999893e+00
3.483139396691599110e+00,-1.318069477745500206e+00,-1.629999999999999893e+00
3.470545202546888142e+00,-1.318989876858243981e+00,-1.629999999999999893e+00
3.445143296052591175e+00,-1.308922089558090418e+00,-1.629999999999999893e+00
3.432833141717578584e+00,-1.309866718484634207e+00,-1.629999999999999893e+00
3.433082950839168479e+00,-1.315788501491575335e+00,-1.629999999999999893e+00
3.396703437477690546e+00,-1.318513625766894348e+00,-1.629999999999999893e+00
3.384507594105992556e+00,-1.313575015628815956e+00,-1.629999999999999893e+00
3.372649891929311750e+00,-1.314484925299613582e+00,-1.629999999999999893e+00
3.360630173831016698e+00,-1.309596974688266746e+00,-1.629999999999999893e+00
3.337348550263363745e+00,-1.311426068428689584e+00,-1.629999999999999893e+00
3.325585879030085401e+00,-1.306602228323491710e+00,-1.629999999999999893e+00
3.302809583281734351e+00,-1.308433271229475281e+00,-1.629999999999999893e+00
3.291295728875069493e+00,-1.303671928167427607e+00,-1.629999999999999893e+00
3.257984370494900972e+00,-1.306410843755326789e+00,-1.629999999999999893e+00
3.258233067232112923e+00,-1.312016887915346652e+00,-1.629999999999999893e+00
3.247287221902828591e+00,-1.312896851569736345e+00,-1.629999999999999893e+00
3.236170556208165738e+00,-1.308204412042143661e+00,-1.629999999999999893e+00
3.214663983922302570e+00,-1.309972718377891976e+00,-1.629999999999999893e+00
3.214912162357862258e+00,-1.315499562904607789e+00,-1.629999999999999893e+00
3.183213898478508330e+00,-1.318047864957301751e+00,-1.629999999999999893e+00
3.183461609872931586e+00,-1.323516017335522044e+00,-1.629999999999999893e+00
3.162694715517236244e+00,-1.325147544293410196e+00,-1.629999999999999893e+00
3.162942085096856371e+00,-1.330577011155316347e+00,-1.629999999999999893e+00
3.152665880495635342e+00,-1.331365563423404730e+00,-1.629999999999999893e+00
3.152913057051450529e+00,-1.336775527106465855e+00,-1.629999999999999893e+00
3.132571433821058182e+00,-1.338299281718401623e+00,-1.629999999999999893e+00
3.132818247366143449e+00,-1.343671375835165049e+00,-1.629999999999999893e+00
3.112752968174807400e+00,-1.345137770981408298e+00,-1.629999999999999893e+00
3.112999405335247438e+00,-1.350472521940220494e+00,-1.629999999999999893e+00
3.093204836768467469e+00,-1.351882979673152185e+00,-1.629999999999999893e+00
3.093450884817050106e+00,-1.357180902983606607e+00,-1.629999999999999893e+00
3.073921545820368806e+00,-1.358536803458394449e+00,-1.629999999999999893e+00
3.074167192649026603e+00,-1.363798404030095002e+00,-1.629999999999999893e+00
3.054897749408076457e+00,-1.365101086982113854e+00,-1.629999999999999893e+00
3.055142983501584197e+00,-1.370326859413268705e+00,-1.629999999999999893e+00
3.045604046034807943e+00,-1.370954318996771448e+00,-1.629999999999999893e+00
3.045849053703858278e+00,-1.376162021365271215e+00,-1.629999999999999893e+00
3.026959564643715961e+00,-1.377370089796165598e+00,-1.629999999999999893e+00
3.027204143495459743e+00,-1.382542691713688932e+00,-1.629999999999999893e+00
3.017852342672154631e+00,-1.383123726971762668e+00,-1.629999999999999893e+00
3.018341001030357074e+00,-1.393432857903477151e+00,-1.629999999999999893e+00
3.028182143342481147e+00,-1.403226425601427074e+00,-1.629999999999999893e+00
3.037596631637133004e+00,-1.402710120307153030e+00,-1.629999999999999893e+00
3.047318431517128001e+00,-1.407394032787848026e+00,-1.629999999999999893e+00
3.076131207252647215e+00,-1.405866361584097612e+00,-1.629999999999999893e+00
3.086110223621033377e+00,-1.410623386950727198e+00,-1.629999999999999893e+00
3.105775295501139954e+00,-1.409616530980881466e+00,-1.629999999999999893e+00
3.115954095855082429e+00,-1.414434215280739204e+00,-1.629999999999999893e+00
3.156370031009657851e+00,-1.412438461665912026e+00,-1.629999999999999893e+00
3.166895448956692505e+00,-1.417348626739548756e+00,-1.629999999999999893e+00
3.208730799801784883e+00,-1.415358893182377065e+00,-1.629999999999999893e+00
3.219621064379574626e+00,-1.420365117829895496e+00,-1.629999999999999893e+00
3.262951710680128681e+00,-1.418383074466063487e+00,-1.629999999999999893e+00
3.274226355955581536e+00,-1.423489147283203193e+00,-1.629999999999999893e+00
3.307784997417436479e+00,-1.422015114640329703e+00,-1.629999999999999893e+00
3.319382176531402440e+00,-1.427207909106220418e+00,-1.629999999999999893e+00
3.342328768291539465e+00,-1.426241710297591725e+00,-1.629999999999999893e+00
3.354177126493673278e+00,-1.431506521754499994e+00,-1.629999999999999893e+00
3.401440227506297820e+00,-1.429602324567766702e+00,-1.629999999999999893e+00
3.413725895213643557e+00,-1.434977490409431455e+00,-1.629999999999999893e+00
3.475285337416849529e+00,-1.432609130987111401e+00,-1.629999999999999893e+00
3.488128873817337272e+00,-1.438118506791977946e+00,-1.629999999999999893e+00
3.526496846119888673e+00,-1.436712063739756351e+00,-1.629999999999999893e+00
3.539733900386651477e+00,-1.442322223904807466e+00,-1.629999999999999893e+00
3.633553256652653829e+00,-1.439053443902495566e+00,-1.629999999999999893e+00
3.647634316676985566e+00,-1.444852231953655419e+00,-1.629999999999999893e+00
3.675634452755307535e+00,-1.443927491826746845e+00,-1.629999999999999893e+00
3.690053082790581751e+00,-1.449815763617586128e+00,-1.629999999999999893e+00
3.733262253333962555e+00,-1.448467124218598245e+00,-1.629999999999999893e+00
3.748150422769167989e+00,-1.454470371245373705e+00,-1.629999999999999893e+00
3.747902844214925810e+00,-1.448010163868787892e+00,-1.629999999999999893e+00
4.101900040150477267e+00,-1.387134337463591383e+00,-1.629999999999999893e+00
4.065684459225794356e+00,-1.360468972411120969e+00,-1.629999999999999893e+00
4.048053085122282013e+00,-1.354334462028664587e+00,-1.629999999999999893e+00
3.996807527464351306e+00,-1.357051533215166916e+00,-1.629999999999999893e+00
3.979782034167095972e+00,-1.351039196058359870e+00,-1.629999999999999893e+00
3.930311608135538481e+00,-1.353752231761490510e+00,-1.629999999999999893e+00
3.913861045708369346e+00,-1.347857361489275929e+00,-1.629999999999999893e+00
3.897795319274847348e+00,-1.348767694768680636e+00,-1.629999999999999893e+00
3.881621110449248402e+00,-1.342943827490764797e+00,-1.629999999999999893e+00
3.850170830214664441e+00,-1.344783200526153077e+00,-1.629999999999999893e+00
3.834398343728906422e+00,-1.339049348028839903e+00,-1.629999999999999893e+00
3.773588126678865784e+00,-1.342716672394069999e+00,-1.629999999999999893e+00
3.758452586807562668e+00,-1.337109610320733388e+00,-1.629999999999999893e+00
3.743687889083208375e+00,-1.338026953420179188e+00,-1.629999999999999893e+00
3.728796150199645609e+00,-1.332484459488358697e+00,-1.629999999999999893e+00
3.714272644766615450e+00,-1.333413303480046830e+00,-1.629999999999999893e+00
3.699618828662413428e+00,-1.327934030359649853e+00,-1.629999999999999893e+00
3.700116344178463024e+00,-1.340734090186321392e+00,-1.629999999999999893e+00
3.715018332355745301e+00,-1.352687608956629317e+00,-1.629999999999999893e+00
3.729789735060118350e+00,-1.358287405879744725e+00,-1.629999999999999893e+00
3.744928782971640224e+00,-1.370406300153634849e+00,-1.629999999999999893e+00
3.805716641065582273e+00,-1.393555758922936816e+00,-1.629999999999999893e+00
3.821474298844580897e+00,-1.406066607797861856e+00,-1.629999999999999893e+00
3.917295774725698898e+00,-1.442723092232746085e+00,-1.629999999999999893e+00
3.933496684261963861e+00,-1.442217431405998562e+00,-1.629999999999999893e+00
3.983684744999663074e+00,-1.461330235824326751e+00,-1.629999999999999893e+00
4.000460414798408415e+00,-1.460897893855093388e+00,-1.629999999999999893e+00
4.017627603568142192e+00,-1.467405926489180112e+00,-1.629999999999999893e+00
4.069311859269230780e+00,-1.466167584745595720e+00,-1.629999999999999893e+00
4.069070330172229966e+00,-1.459129681540619838e+00,-1.629999999999999893e+00
4.086609820391246650e+00,-1.458677654418506942e+00,-1.629999999999999893e+00
4.086127551694763937e+00,-1.444534509517082954e+00,-1.629999999999999893e+00
4.103827010309673007e+00,-1.444014180304208805e+00,-1.629999999999999893e+00
